Genotype	Pollination	Season	Period	Repetition	Esp_Total	Esp_Epi_Par_Col	Esp_Par	Esp_Par_Col_End	Area_celulas_1	Area_celulas_2	Area_celulas_3
Italiano	Mechanics	Winter	14	1	750.4479	23.9328	703.1800	22.1152	15753.6340	185724.1250	1279.3037
Italiano	Mechanics	Winter	14	2	678.7256	27.7454	624.0962	30.1161	13130.0724	158200.2330	1426.5344
Italiano	Mechanics	Winter	14	3	630.2930	71.5105	489.4463	66.8969	10807.3323	135964.1940	1796.8319
Italiano	Mechanics	Winter	14	4	356.2656	39.2155	282.2815	34.7181	14252.5310	126535.8260	1574.6989
Italiano	Mechanics	Winter	21	1	1790.7193	46.5618	1709.6937	30.5498	15051.1250	247287.5450	1772.5870
Italiano	Mechanics	Winter	21	3	2449.8273	73.9324	2325.5767	48.4426	13362.3477	279404.8300	2097.6509
Italiano	Mechanics	Winter	21	4	4600.8857	109.5726	4341.1247	167.2424	17527.1180	259560.9410	1862.0842
Italiano	Mechanics	Winter	28	1	3445.7623	66.0599	3272.0993	99.7469	22289.3360	359085.0200	4188.4174
Italiano	Mechanics	Winter	28	2	5128.9173	69.2037	4885.6153	140.1468	34973.1220	525345.9700	6657.2279
Italiano	Mechanics	Winter	28	3	4637.7490	104.6928	4379.1317	121.5164	30717.0570	453503.2800	4327.9015
Italiano	Mechanics	Winter	28	4	4586.4843	92.2716	4367.3633	144.1745	25093.3890	434717.2000	4543.7131
Italiano	Mechanics	Winter	35	2	5172.2820	99.6357	4900.3620	193.0206	25669.2850	569941.4600	9430.4499
Italiano	Mechanics	Winter	35	3	5115.6097	81.8798	4810.0543	229.2828	28403.8940	567702.5900	5097.7585
Italiano	Mechanics	Winter	35	4	4713.9273	138.8173	4305.5213	260.2795	33118.8190	586913.5400	5094.4662
Italiano	Mechanics	Winter	42	1	7035.9553	92.9816	6753.5720	208.1045	34003.6150	552137.8000	6275.2932
Italiano	Mechanics	Winter	42	3	5826.2423	93.9625	5524.8337	168.2326	29772.9940	558650.9800	7939.2258
Italiano	Mechanics	Winter	42	4	7463.5263	109.9824	7141.7010	178.7763	20968.7270	560519.0700	7050.8368
Italiano	Mechanics	Winter	49	1	6409.0143	98.3977	6204.7080	115.6986	28283.5670	556498.8600	15854.5063
Italiano	Mechanics	Winter	49	2	6169.0207	103.8056	5925.9497	98.0386	34538.8040	699127.7500	6558.1526
Italiano	Mechanics	Winter	49	3	6646.9803	80.7377	6417.1443	92.2716	27646.0090	644867.7900	7860.5044
Italiano	Mechanics	Winter	49	4	5963.4457	106.2483	5684.6047	158.7434	24288.8110	915865.3300	7871.8788
Italiano	Mechanics	Winter	56	1	7191.5097	109.5726	6918.0933	84.1979	32993.1040	697107.3400	7733.2927
Italiano	Mechanics	Winter	56	3	6611.1810	103.8056	6386.3740	109.5726	18609.4680	699529.7400	5632.3477
Italiano	Mechanics	Winter	56	4	6789.9253	111.9216	6616.2563	92.2716	21939.4290	545180.2700	7710.8422
Italiano	Mechanics	Summer	14	1	2075.4243	48.9411	1976.4337	138.2165	14244.7490	284561.5300	1522.6528
Italiano	Mechanics	Summer	14	2	4631.6077	109.5726	4285.7783	150.1813	22194.1514	397776.6400	1630.1094
Italiano	Mechanics	Summer	14	3	2139.3340	87.7627	2012.5840	143.8290	20310.2180	466260.0720	2504.7292
Italiano	Mechanics	Summer	14	4	3771.9493	80.7377	3565.4367	144.5843	18973.1450	330859.2510	4880.1514
Italiano	Mechanics	Summer	21	1	4211.5520	98.0386	3952.6200	191.1923	18789.3610	567681.2700	4798.4361
Italiano	Mechanics	Summer	21	2	5359.4687	86.5047	5198.6310	92.2716	26333.1820	526444.5900	6088.2159
Italiano	Mechanics	Summer	21	3	4089.4660	109.5726	3714.4180	253.9527	23228.6100	672459.2600	3815.2800
Italiano	Mechanics	Summer	21	4	3860.2053	121.5164	3478.7133	259.5140	21802.0400	538629.6400	6062.7733
Italiano	Mechanics	Summer	28	1	5685.8167	98.0386	5348.4307	219.3509	22520.4130	500397.5100	6616.2205
Italiano	Mechanics	Summer	28	3	6391.2623	80.7377	6091.0637	219.8661	28141.0880	755021.7300	9651.6488
Italiano	Mechanics	Summer	28	4	6077.3640	92.7489	5899.7743	104.5156	24048.7530	392537.6300	8475.6104
Italiano	Mechanics	Summer	35	1	6690.2407	115.3395	6396.0607	167.2424	27220.3730	545078.2940	9569.3345
Italiano	Mechanics	Summer	35	2	7447.7133	92.2716	7150.4233	237.1642	18203.5860	534284.1100	19711.5729
Italiano	Mechanics	Summer	35	3	7377.1647	74.9707	7066.2183	207.9703	27427.5040	525636.9400	8298.1135
Italiano	Mechanics	Summer	35	4	6835.5303	80.7377	6667.7413	98.4485	23403.4140	456016.9500	4888.8317
Italiano	Mechanics	Summer	42	1	6817.7020	86.5047	6532.5097	99.1807	22446.1820	468699.8930	6338.4505
Italiano	Mechanics	Summer	42	2	7336.5273	161.7370	7027.7993	186.1325	27026.4110	690358.1400	11635.8568
Italiano	Mechanics	Summer	42	3	7436.5143	190.8750	7061.0483	190.8913	21636.2150	615080.0800	15072.6761
Italiano	Mechanics	Summer	42	4	6667.7213	92.2716	6421.2267	128.0689	26964.7510	677310.1600	20622.7114
Italiano	Mechanics	Summer	49	1	6282.3900	98.0386	6033.5337	185.1026	26415.1950	1054267.6200	20314.4076
Italiano	Mechanics	Summer	49	2	5978.3927	121.5164	5693.7520	138.4075	27308.9730	767596.6200	11608.9166
Italiano	Mechanics	Summer	49	3	7101.7807	98.5159	6939.4773	81.2150	33513.3250	610175.1200	6924.2236
Italiano	Mechanics	Summer	56	1	8497.9383	71.7524	8348.1500	105.2255	20307.8230	786694.8600	8286.1411
Italiano	Mechanics	Summer	56	2	9594.9237	167.5618	9212.2177	190.8194	29456.3110	874106.8000	12536.2179
Italiano	Mechanics	Summer	56	3	6434.5730	262.4317	6015.8220	201.8442	19549.9390	906381.2000	10241.0150
Italiano	Mechanics	Summer	56	4	6027.5217	86.5047	5831.3793	110.0499	26179.3290	598723.4600	13515.0020
Italiano	Natural	Winter	14	1	1269.3830	43.6083	1196.7343	28.2713	15357.3320	155344.6910	1047.3289
Italiano	Natural	Winter	14	2	699.3137	73.9220	590.7649	35.4904	17106.8691	293992.9100	565.7192
Italiano	Natural	Winter	14	3	620.7847	57.6698	516.8732	57.7975	10839.3594	259910.5600	817.7486
Italiano	Natural	Winter	21	1	2685.2730	76.1853	2556.4917	57.1859	22555.7340	286350.0100	2494.5524
Italiano	Natural	Winter	21	2	1827.3790	64.5902	1681.4030	62.2834	13206.7007	207243.0060	1323.9026
Italiano	Natural	Winter	21	3	2302.5827	73.9220	2154.7523	71.5105	17157.7537	481884.7100	1293.0726
Italiano	Natural	Winter	21	4	2147.1427	69.4275	1959.9297	122.5472	21960.6810	306873.0400	2198.2232
Italiano	Natural	Winter	28	1	4648.5073	98.0386	4358.4903	185.3718	26705.2390	411931.8900	3088.1087
Italiano	Natural	Winter	28	2	5108.0167	334.7852	4622.0503	144.4621	35828.2860	20980.7007	1116.4723
Italiano	Natural	Winter	28	3	3601.1543	99.1920	3379.5400	108.5078	30262.6860	584308.3200	4057.3144
Italiano	Natural	Winter	28	4	4142.1327	105.2255	3938.3300	121.4656	32505.8070	544503.2600	5431.8027
Italiano	Natural	Winter	35	1	5256.0463	92.2716	5002.4587	127.6028	26229.6160	542754.0400	5840.3780
Italiano	Natural	Winter	35	2	4959.1180	86.5047	4578.8770	282.9434	30427.3120	643633.4600	5705.9811
Italiano	Natural	Winter	35	4	7453.0810	144.1744	7148.2847	190.5979	22802.9740	496478.1800	8959.0162
Italiano	Natural	Winter	42	1	7202.3343	104.6928	6932.7037	139.4091	37660.7370	487720.2700	3656.5215
Italiano	Natural	Winter	42	2	5813.8307	123.3373	5529.6383	126.8735	27788.4870	697095.9900	4981.3223
Italiano	Natural	Winter	42	3	5160.0120	98.0386	4977.5127	69.2037	25801.5840	469065.0480	9322.9928
Italiano	Natural	Winter	42	4	4848.1217	69.9137	4535.4197	202.0841	22324.9570	728966.6000	12600.8713
Italiano	Natural	Winter	49	1	7734.3133	80.7377	7410.8190	242.4747	31834.7270	847037.8600	7191.2187
Italiano	Natural	Winter	49	2	7644.0377	104.0033	7258.8710	151.6059	30763.7520	793080.6600	5085.7856
Italiano	Natural	Winter	49	3	7481.5883	74.9707	7314.0990	98.0386	25134.0950	803121.9100	14914.3339
Italiano	Natural	Winter	49	4	5037.9777	74.9707	4760.1957	170.9288	28888.4970	709948.2900	6082.2299
Italiano	Natural	Winter	56	1	7331.3023	103.8056	7122.9717	132.9599	22821.5310	890817.5060	9135.9161
Italiano	Natural	Winter	56	2	7810.6057	92.2716	7603.5593	92.2947	18859.7010	595928.0200	6345.3345
Italiano	Natural	Winter	56	3	7244.7527	86.5047	6929.2020	214.5543	23529.1300	489245.6300	9750.4257
Italiano	Natural	Winter	56	4	4288.0603	86.5047	4085.1907	110.0499	21068.1021	471288.1400	4653.2650
Italiano	Natural	Summer	14	1	3027.2630	62.2834	2907.2640	141.5222	25158.0410	353366.4830	2960.2979
Italiano	Natural	Summer	14	2	2283.8420	57.2422	2180.8827	141.6686	24111.0120	368149.9900	2548.1310
Italiano	Natural	Summer	14	4	2106.8790	67.1293	1989.1623	41.8568	13579.6548	400250.2400	1849.8121
Italiano	Natural	Summer	21	1	4314.2760	109.5726	3996.8503	207.6112	20980.7010	530796.7100	3847.1899
Italiano	Natural	Summer	21	2	3115.0330	60.6108	2990.1927	69.6367	17771.9640	543504.0600	2613.6827
Italiano	Natural	Summer	21	3	2992.9220	78.9747	2864.6163	55.4780	23923.3380	716173.3500	2405.3545
Italiano	Natural	Summer	21	4	2435.0477	80.8423	2291.5160	53.1998	17357.7030	337616.7500	2084.4806
Italiano	Natural	Summer	28	1	7039.3757	109.5726	6796.3187	124.5078	35247.0020	672199.8200	13740.0918
Italiano	Natural	Summer	28	2	6706.2403	81.1475	6525.5143	92.2716	31962.8360	507278.9100	9121.2501
Italiano	Natural	Summer	28	3	5790.5633	110.9633	5608.7750	109.8200	27144.9440	694781.6500	10248.1981
Italiano	Natural	Summer	28	4	4094.9463	116.2267	3706.0363	259.2216	22563.2180	906966.9900	4658.6528
Italiano	Natural	Summer	35	1	6932.8133	92.8427	6608.3517	265.4251	22581.7753	754974.7400	9273.6044
Italiano	Natural	Summer	35	2	8006.4290	134.7738	7691.7393	173.2970	32988.3150	473059.5100	17275.0897
Italiano	Natural	Summer	35	3	6612.2830	86.5047	6360.2080	122.0874	34264.6240	540581.5700	17661.2144
Italiano	Natural	Summer	35	4	5042.0353	92.2716	4770.6587	178.7763	20123.4410	533260.7000	17201.4557
Italiano	Natural	Summer	42	1	7656.5303	149.9414	7305.0793	219.6065	25761.4770	753080.9000	15052.6211
Italiano	Natural	Summer	42	2	8515.0793	132.6405	8221.6593	139.1049	27653.1930	607653.7100	13012.7391
Italiano	Natural	Summer	42	3	7542.2927	115.6986	7281.6370	116.1593	22107.6490	671590.1300	19068.6282
Italiano	Natural	Summer	42	4	6094.6620	179.9184	5770.3470	168.4177	19571.4902	319939.0600	2834.5825
Italiano	Natural	Summer	49	1	6009.3957	178.7763	5638.4450	196.3389	23547.0900	811969.9600	14311.1984
Italiano	Natural	Summer	49	2	8447.3450	81.2150	8319.7743	98.9932	33040.9950	602473.5800	10599.3023
Italiano	Natural	Summer	49	3	4546.0897	214.4182	4148.7977	214.7433	22362.3710	467451.6700	4085.7499
Italiano	Natural	Summer	49	4	8705.4043	80.7377	8491.6803	104.2829	30947.5350	715299.8700	3051.5913
Italiano	Natural	Summer	56	2	9296.6513	173.0093	8956.5310	167.8234	24490.8510	540349.8500	8535.4754
Italiano	Natural	Summer	56	3	6864.1010	69.2037	6632.9820	108.9567	26738.4640	757384.2600	6752.7117
Italiano	Natural	Summer	56	4	6304.4687	132.9995	5982.0383	190.3103	20246.1640	906876.6400	11164.1245
Salada	Mechanics	Winter	14	1	887.7968	43.4159	822.2476	24.8150	10655.8743	192824.9480	727.6526
Salada	Mechanics	Winter	14	2	1080.1119	80.8423	943.7443	53.1998	11206.3285	113265.0590	692.6319
Salada	Mechanics	Winter	14	3	1164.0370	74.4293	1016.1789	64.8099	11067.7415	276551.6820	812.3608
Salada	Mechanics	Winter	14	4	1038.8440	55.9629	947.0736	38.2701	17680.0720	266691.4100	992.2535
Salada	Mechanics	Winter	21	2	6395.8690	57.6698	6243.8973	92.2716	15495.3197	180520.1000	753.6936
Salada	Mechanics	Winter	21	3	2622.3737	74.1701	2456.1320	92.3763	16730.3220	294750.7820	1652.5587
Salada	Mechanics	Winter	21	4	6409.3983	132.9599	6105.5620	149.9414	28012.0810	389357.8900	2326.3331
Salada	Mechanics	Winter	28	1	4074.2063	80.9487	3894.5230	108.4192	28267.4030	398490.8000	3728.6583
Salada	Mechanics	Winter	28	2	6808.0537	103.8056	6550.8260	231.4093	32756.6390	430896.6200	4426.6778
Salada	Mechanics	Winter	28	3	3445.2687	103.8056	3115.2670	196.2830	34971.9240	501640.0100	5698.4987
Salada	Mechanics	Winter	28	4	6497.5743	121.1065	6226.7107	155.7084	48805.1060	527412.5500	6612.3293
Salada	Mechanics	Winter	35	1	5126.1333	132.6405	4676.5653	340.2517	25365.1730	754074.3600	4330.8947
Salada	Mechanics	Winter	35	2	3997.4563	100.3876	3633.0667	272.9795	21694.2850	457564.4600	4476.6650
Salada	Mechanics	Winter	35	3	4351.9627	115.3396	4149.6090	138.7269	30311.7740	524066.1000	5315.3663
Salada	Mechanics	Winter	35	4	5267.4757	80.7377	4856.6643	271.4081	34450.2050	577573.5900	4350.6501
Salada	Mechanics	Winter	42	1	6206.7813	86.5047	5975.8250	121.1065	42457.0770	577871.0400	5730.5259
Salada	Mechanics	Winter	42	2	5829.0717	123.5055	5603.3200	98.0386	28927.7080	624928.4400	5764.9480
Salada	Mechanics	Winter	42	3	5063.4267	98.0386	4861.5627	74.9707	27156.9180	640509.6800	8284.6442
Salada	Mechanics	Winter	42	4	7141.0467	92.2716	6932.2613	149.9414	27371.8300	430831.1300	11062.3548
Salada	Mechanics	Winter	49	1	8515.4667	98.9687	8331.9267	93.2262	15147.2066	447256.1100	2958.2026
Salada	Mechanics	Winter	49	2	5088.4320	87.7857	4934.9673	81.7860	26479.8510	830160.0100	7792.2591
Salada	Mechanics	Winter	49	4	6705.8173	104.2829	6393.8610	235.0446	29714.9260	513884.3400	8862.6342
Salada	Mechanics	Winter	56	1	7065.4777	74.9707	6869.4953	122.5264	31006.2020	688682.0600	7090.6462
Salada	Mechanics	Winter	56	3	5763.2053	98.0386	5532.6233	133.0503	29220.4450	660007.0100	9941.6916
Salada	Mechanics	Winter	56	4	7135.7560	99.2142	6890.3817	144.1744	25086.5050	626858.4800	28914.5370
Salada	Mechanics	Summer	14	1	6746.4187	86.5047	6484.3943	145.4405	21019.0120	673279.5000	6014.8822
Salada	Mechanics	Summer	14	2	3397.0417	104.3766	3122.0820	165.1795	27140.1530	237527.8400	1582.2179
Salada	Mechanics	Summer	14	3	4305.5917	98.4485	3956.6150	227.0134	18857.0074	125218.4960	2743.5885
Salada	Mechanics	Summer	21	1	4469.7523	149.9414	4192.3937	121.5838	4780.7763	28151.8640	8316.3712
Salada	Mechanics	Summer	21	3	5371.0117	127.2834	4938.1713	260.0970	18483.1540	623169.3400	3721.7739
Salada	Mechanics	Summer	21	4	5148.3960	98.5159	4947.4627	107.8898	33117.0240	558565.1500	5694.3080
Salada	Mechanics	Summer	28	1	5934.7383	80.7377	5717.6610	98.5159	33689.9260	500821.9700	4344.9628
Salada	Mechanics	Summer	28	2	6081.4457	98.4485	5821.5517	140.4425	40825.1740	582301.6600	13654.4853
Salada	Mechanics	Summer	28	3	8703.4900	103.8056	8403.9170	201.8442	1051.8187	20165.0463	4435.6578
Salada	Mechanics	Summer	28	4	3262.7720	99.3413	3081.0567	80.8097	27113.8140	456638.3600	3481.4180
Salada	Mechanics	Summer	35	1	7273.4920	98.5159	7054.6033	157.2095	29709.5370	512539.7600	16344.4954
Salada	Mechanics	Summer	35	3	7131.9490	144.7951	6754.2230	219.8306	26519.0610	373959.2400	15470.7737
Salada	Mechanics	Summer	35	4	7245.2693	87.0757	6939.6650	219.8280	28810.3730	721898.8180	4786.1643
Salada	Mechanics	Summer	42	1	8585.7537	168.4852	8286.6697	167.5300	28926.5110	570314.0700	15770.0960
Salada	Mechanics	Summer	42	2	5903.4073	371.1418	5377.8590	147.0580	31805.3920	547142.0800	14690.1427
Salada	Mechanics	Summer	42	3	8176.1317	149.9414	7760.3843	260.6212	37808.9020	633282.5600	4034.5659
Salada	Mechanics	Summer	42	4	5377.9563	104.2829	5135.4693	144.4361	30833.1930	717448.7400	21750.5568
Salada	Mechanics	Summer	49	2	7656.3913	98.5159	7437.1277	109.5726	33407.0650	660197.6000	8028.4228
Salada	Mechanics	Summer	56	1	7024.6623	87.6468	6763.9480	117.5703	26302.3520	777467.5900	11758.2802
Salada	Mechanics	Summer	56	2	7791.5343	92.2716	7572.1213	115.3396	35492.4440	735786.2600	12885.2273
Salada	Mechanics	Summer	56	4	9218.3823	185.5833	8852.7347	190.5979	30154.9280	673687.4400	11647.2310
Salada	Natural	Winter	14	1	619.1061	50.9133	519.1369	51.0570	12103.9956	194274.8610	1094.9210
Salada	Natural	Winter	14	2	477.8438	65.2732	369.9356	44.0575	11206.3285	113265.0590	692.6319
Salada	Natural	Winter	14	3	267.2345	19.0550	227.9001	19.7117	15476.7611	244985.1460	443.8950
Salada	Natural	Winter	14	4	758.8263	32.0582	696.0882	26.7813	18918.9674	318723.8000	850.3747
Salada	Natural	Winter	21	1	2281.6027	55.1923	731.1163	150.7447	18284.7030	290864.6830	2090.1678
Salada	Natural	Winter	21	2	3131.2923	74.2742	3001.8310	60.1043	18102.1161	219615.7750	2495.4503
Salada	Natural	Winter	21	3	3105.1887	59.0845	2986.1097	74.7441	24884.7610	343166.4660	1647.7695
Salada	Natural	Winter	21	4	3602.0913	94.1433	3365.0850	149.9414	23720.0970	11958.2268	2757.0580
Salada	Natural	Winter	28	1	4886.7377	135.1773	4543.1263	198.7506	26907.8800	397575.4900	4154.5940
Salada	Natural	Winter	28	2	5064.3710	121.1065	4671.5370	259.9817	39894.2800	595681.9800	3902.5646
Salada	Natural	Winter	28	3	5118.8873	109.5726	4865.0747	98.0386	33072.4240	571359.0700	1206.8678
Salada	Natural	Winter	28	4	3242.1240	83.2418	3069.0047	94.5784	38203.4080	498865.3100	1241.8884
Salada	Natural	Winter	35	3	6438.9017	132.6405	6173.4653	149.9414	31198.0690	570701.1800	7960.4761
Salada	Natural	Winter	35	4	5051.9840	98.0386	4815.6170	115.3396	30734.1190	547417.1300	6239.0738
Salada	Natural	Winter	42	2	6289.1597	100.8309	6117.7370	135.1981	37997.7730	716176.5800	10743.2781
Salada	Natural	Winter	42	4	6162.7403	80.7377	5907.7730	170.8322	26585.2130	566071.5200	5513.2178
Salada	Natural	Winter	49	2	6217.3020	106.6319	5968.2903	114.5334	30462.3330	865131.3500	4401.5348
Salada	Natural	Winter	49	3	6964.7523	93.3200	6671.4297	183.8839	37574.8300	538966.9500	16737.5061
Salada	Natural	Winter	49	4	7813.2063	104.1646	7553.2087	150.5484	25739.6254	667747.7000	5811.3430
Salada	Natural	Winter	56	1	6619.9203	92.8427	6398.0687	106.2483	29438.3500	584287.7000	10485.8603
Salada	Natural	Winter	56	2	9258.9637	150.3513	9063.6110	98.4485	35633.1270	520741.5700	8658.7966
Salada	Natural	Winter	56	3	5849.9950	98.0386	5543.9150	207.6112	24767.1290	669591.2600	8520.8086
Salada	Natural	Winter	56	4	5529.1330	98.0386	5303.7290	109.9316	46316.5380	621567.1400	6283.0755
Salada	Natural	Summer	14	1	3645.6387	103.8056	3379.7950	127.2325	460.0584	5949.3306	3769.6654
Salada	Natural	Summer	14	2	3417.4603	117.3648	3122.0910	192.4401	18994.3980	269777.7200	1761.8111
Salada	Natural	Summer	14	4	3589.3330	109.5726	3240.6847	248.1858	22751.4925	349021.2180	2657.3836
Salada	Natural	Summer	21	1	5182.0643	109.5726	4897.6450	208.0943	28972.6070	525277.1600	3681.9640
Salada	Natural	Summer	21	2	5941.4250	103.8056	5571.7910	242.2131	24628.2400	481530.9200	3883.4079
Salada	Natural	Summer	21	3	4764.1843	74.9707	4596.8443	98.0386	23703.3357	464911.0400	3332.0563
Salada	Natural	Summer	21	4	4923.4263	122.7219	4545.3463	288.5546	25732.1440	386652.3200	3991.4635
Salada	Natural	Summer	28	1	6005.4670	92.7489	5816.0927	81.3087	29203.0850	562625.4200	4962.7642
Salada	Natural	Summer	28	2	5712.5457	98.0386	5514.7753	99.9103	25622.5920	718819.0500	7853.3211
Salada	Natural	Summer	28	3	5428.4040	92.2716	5185.8163	179.0639	29976.5330	494629.5600	8455.5572
Salada	Natural	Summer	28	4	7327.0277	110.1436	7084.3957	115.8169	34387.3460	592444.5400	13347.9806
Salada	Natural	Summer	35	1	7959.7650	98.0386	7751.8720	109.5726	37919.0510	667692.6600	7683.6039
Salada	Natural	Summer	35	2	7038.4720	98.0386	6749.8270	179.0162	27057.5410	667629.5400	3513.1464
Salada	Natural	Summer	35	3	7903.7343	98.5159	7743.6620	98.9932	34633.3910	817225.4300	14992.4580
Salada	Natural	Summer	35	4	7931.4847	179.6189	7521.9587	230.8848	29432.3627	509481.3600	5109.7316
Salada	Natural	Summer	42	1	7539.1653	126.8735	7255.0833	133.0504	24197.8150	626370.2600	14492.5892
Salada	Natural	Summer	42	2	7583.6683	133.2115	7322.2327	108.0945	36950.7430	705417.1700	17162.5445
Salada	Natural	Summer	42	3	5940.2600	92.2716	5726.9373	121.1065	29146.2140	691730.3500	16296.9042
Salada	Natural	Summer	42	4	5592.0300	167.2424	5297.6613	149.9414	40552.7880	620258.0700	15715.0214
Salada	Natural	Summer	49	1	8672.0310	202.3273	8275.0017	190.8512	30400.9710	557010.7400	8748.5927
Salada	Natural	Summer	49	2	7112.5160	167.4638	6725.4630	196.0773	26291.2770	766244.1500	5485.6802
Salada	Natural	Summer	49	3	6104.1260	69.2037	5918.1563	94.4929	27402.3610	639305.1650	15937.7166
Salada	Natural	Summer	49	4	7936.2623	237.8758	7506.9993	232.9960	21296.7830	707662.3750	8018.5465
Salada	Natural	Summer	56	1	5738.6480	80.7377	5551.5957	81.4476	37399.7270	831322.3500	4563.4680
Salada	Natural	Summer	56	2	6513.4983	208.6925	6137.2060	161.4754	31766.4800	460161.3840	10053.6379
Salada	Natural	Summer	56	3	6244.4423	115.6590	6021.3687	127.2325	25971.0000	462457.1500	11191.9621
Salada	Natural	Summer	56	4	7937.8323	74.9707	7737.3947	110.1436	25668.0870	767882.6280	11106.0562
Santa Cruz	Mechanics	Winter	14	1	848.9057	34.8826	784.2545	27.3450	18164.3770	277461.0200	1128.4452
Santa Cruz	Mechanics	Winter	14	2	604.3934	62.2834	502.9557	44.0200	14611.4199	169219.7800	872.9293
Santa Cruz	Mechanics	Winter	14	3	484.5257	46.1358	389.9482	46.1358	11268.2897	117066.1620	632.2400
Santa Cruz	Mechanics	Winter	21	1	2149.0500	64.9662	2025.0040	44.7175	17009.2910	400702.2200	1931.2276
Santa Cruz	Mechanics	Winter	21	2	2935.8970	78.5460	2785.7977	62.2834	1264.0383	12879.2411	2392.1840
Santa Cruz	Mechanics	Winter	21	3	3877.3157	66.4266	3709.4160	99.4901	25769.2580	506207.6600	5056.1529
Santa Cruz	Mechanics	Winter	21	4	5013.6107	74.9707	4828.8547	115.3396	23543.4980	222384.5260	1736.6681
Santa Cruz	Mechanics	Winter	28	1	3995.8360	67.3858	3834.6063	97.5705	29697.5660	476662.4300	3109.0611
Santa Cruz	Mechanics	Winter	28	2	5274.4717	103.8056	5016.5283	163.7307	26344.5560	627189.5200	1452.6113
Santa Cruz	Mechanics	Winter	28	3	4943.9217	132.9995	4701.4600	132.6405	33502.5500	454180.0300	4970.5466
Santa Cruz	Mechanics	Winter	28	4	3916.9303	126.8735	3663.1380	133.0504	27564.8930	367267.9110	4194.7032
Santa Cruz	Mechanics	Winter	35	1	6536.1320	75.4480	6287.9380	214.3652	29093.2310	708633.0300	8895.8608
Santa Cruz	Mechanics	Winter	35	2	5740.6533	80.7377	5379.7113	290.1169	29668.2320	591293.6500	6902.6720
Santa Cruz	Mechanics	Winter	35	3	7693.3630	138.4075	7410.6273	167.2423	31625.8000	558299.0200	1525.0473
Santa Cruz	Mechanics	Winter	42	1	6496.0720	109.5726	6277.2273	126.8735	26995.5810	712832.2300	10262.2658
Santa Cruz	Mechanics	Winter	42	2	7308.3470	109.5726	7065.9970	155.7084	40288.1880	521573.6500	4296.7722
Santa Cruz	Mechanics	Winter	42	3	8000.7433	121.1065	7737.3717	92.7966	32169.9680	661388.5900	8216.6979
Santa Cruz	Mechanics	Winter	42	4	7979.6690	87.6468	7753.1060	134.7429	26209.8610	588696.3900	6699.7318
Santa Cruz	Mechanics	Winter	49	2	8001.9223	92.7489	7809.8547	69.2037	32346.5670	534233.1200	6660.8194
Santa Cruz	Mechanics	Winter	49	3	7250.1467	80.7377	7077.3813	92.8427	29016.9040	716378.3600	7288.1981
Santa Cruz	Mechanics	Winter	49	4	7116.9417	121.1065	6863.1057	149.9414	28004.0000	590418.9800	5691.0158
Santa Cruz	Mechanics	Winter	56	2	6314.6733	103.8056	6135.4673	121.5838	29731.0880	584906.9400	6146.8844
Santa Cruz	Mechanics	Winter	56	3	5740.1027	80.7377	5533.3490	121.9937	22267.1880	503353.0300	6798.2086
Santa Cruz	Mechanics	Winter	56	4	2738.4364	137.9479	2682.0014	147.8727	26766.6007	623027.5200	14496.7798
Santa Cruz	Mechanics	Summer	14	1	3530.6590	74.9707	3334.6987	138.7665	19716.0640	319664.2900	3907.3537
Santa Cruz	Mechanics	Summer	14	2	2098.2893	64.7179	1904.2617	110.8803	23304.0400	322037.0000	1363.7126
Santa Cruz	Mechanics	Summer	14	3	2925.4073	78.5355	2729.6230	134.0351	26256.8540	240448.0390	1569.0475
Santa Cruz	Mechanics	Summer	14	4	4025.4127	80.7377	3696.8767	242.4051	25719.8700	424752.1600	4374.5960
Santa Cruz	Mechanics	Summer	21	1	4052.5540	92.2716	3883.1537	74.9707	23827.8540	475049.9700	7771.9640
Santa Cruz	Mechanics	Summer	21	2	2723.4303	73.9324	2576.9683	52.7075	20729.2685	731539.6100	2608.2949
Santa Cruz	Mechanics	Summer	21	4	4337.3803	109.5726	3991.4717	236.6381	30357.2710	419753.7800	7419.6024
Santa Cruz	Mechanics	Summer	28	1	6258.8020	109.5726	6038.6797	132.6405	29893.3230	612120.4600	8366.9568
Santa Cruz	Mechanics	Summer	28	2	6661.5343	127.2834	6477.9670	127.2325	25978.1850	573021.1600	6920.6317
Santa Cruz	Mechanics	Summer	28	3	5887.1237	86.9820	5587.0640	178.7763	22995.7390	458854.5400	6976.6047
Santa Cruz	Mechanics	Summer	28	4	5950.7980	87.0757	5690.1740	139.6736	26336.1740	596896.0100	14815.5565
Santa Cruz	Mechanics	Summer	35	1	8175.9277	144.1744	7841.8793	178.7763	30491.6660	705211.7800	11480.2086
Santa Cruz	Mechanics	Summer	35	2	7405.8337	92.2716	7157.5600	127.2834	28814.8640	628546.6900	10811.5221
Santa Cruz	Mechanics	Summer	35	3	7553.4160	103.8056	7144.6093	174.5153	22433.0100	593159.9000	3132.7076
Santa Cruz	Mechanics	Summer	35	4	7140.7307	132.6405	6789.2513	253.9165	33923.3980	454265.6600	18533.7381
Santa Cruz	Mechanics	Summer	42	1	7835.0057	93.8910	7609.2997	118.3575	43674.7200	771471.1800	13415.6258
Santa Cruz	Mechanics	Summer	42	2	7587.3107	109.5726	7344.7003	138.4075	41986.8400	573649.4600	16885.9701
Santa Cruz	Mechanics	Summer	42	3	8108.9003	98.3977	7848.9143	133.7684	28895.3800	641308.6400	18399.9418
Santa Cruz	Mechanics	Summer	42	4	7628.4580	109.5726	7342.3350	139.0463	22585.6660	765464.8600	13620.0637
Santa Cruz	Mechanics	Summer	49	2	8940.9567	87.6468	8747.8270	125.1309	34703.4320	685150.6200	16886.5703
Santa Cruz	Mechanics	Summer	49	3	7078.3760	86.5047	6898.5693	80.7377	34804.6010	802741.3000	11476.0191
Santa Cruz	Mechanics	Summer	49	4	3916.9870	157.1699	3620.5290	223.3305	22323.1600	762954.1100	3810.6726
Santa Cruz	Mechanics	Summer	56	1	7836.4493	63.4368	7612.0267	86.9145	34864.4660	483464.2700	4258.4587
Santa Cruz	Mechanics	Summer	56	2	8067.5120	253.9267	7510.5210	278.8720	31161.2500	786522.1800	6562.6430
Santa Cruz	Mechanics	Summer	56	3	7080.5120	203.9267	6910.5210	208.8720	34502.8860	770126.5000	9764.4932
Santa Cruz	Mechanics	Summer	56	4	6103.9883	190.8595	5722.6717	190.5719	32779.9860	701803.6900	11494.5764
Santa Cruz	Natural	Winter	14	1	1052.7133	39.1194	959.4756	38.1467	14760.4810	179345.8650	844.0890
Santa Cruz	Natural	Winter	14	2	616.1370	69.2037	488.0268	61.2736	11336.5329	162435.6290	595.9508
Santa Cruz	Natural	Winter	14	3	187.6411	16.3002	155.5223	13.2818	8377.7334	27998.3150	5990.6130
Santa Cruz	Natural	Winter	14	4	414.8014	30.7801	362.3017	21.1589	16956.3114	100002.9830	6944.3380
Santa Cruz	Natural	Winter	21	1	3396.7457	71.5105	3256.1423	53.1998	19398.7816	310407.7300	3119.2380
Santa Cruz	Natural	Winter	21	2	2061.0057	57.7975	1911.5193	89.5793	25651.9230	248022.0770	3689.1479
Santa Cruz	Natural	Winter	21	3	2923.0457	62.3984	2764.3777	83.0445	21167.4770	224003.2540	3087.5098
Santa Cruz	Natural	Winter	21	4	2713.7397	74.8330	2541.4730	95.0359	29630.8160	325061.6400	3759.1893
Santa Cruz	Natural	Winter	28	1	3913.4683	69.3084	3699.1823	145.3759	34736.0570	441409.7600	4041.4502
Santa Cruz	Natural	Winter	28	2	3124.2620	89.9649	2771.1997	260.8423	43804.0280	735241.0200	1417.2912
Santa Cruz	Natural	Winter	28	3	5923.7030	115.6986	5669.3897	161.7370	34457.3880	537090.8000	1471.4686
Santa Cruz	Natural	Winter	28	4	4950.8600	109.5726	4695.1277	132.6405	33334.3310	409845.9100	8462.1428
Santa Cruz	Natural	Winter	35	2	4861.2667	78.9745	4536.3257	233.2438	32862.6010	726262.4900	4602.0809
Santa Cruz	Natural	Winter	35	3	7003.7133	92.2716	6739.0080	156.4059	44625.0690	695990.2800	6740.7389
Santa Cruz	Natural	Winter	35	4	6696.9363	86.5047	6513.6083	86.5047	28140.4890	744188.3800	1863.5808
Santa Cruz	Natural	Winter	42	1	6810.0277	117.8421	6568.8803	154.5462	30619.4780	682794.0200	2009.0516
Santa Cruz	Natural	Winter	42	2	6696.1653	86.5047	6413.8110	224.9121	44344.0050	637584.3900	11907.6406
Santa Cruz	Natural	Winter	42	3	6774.6983	87.6919	6549.5607	150.5881	30913.4100	608238.5700	5886.1735
Santa Cruz	Natural	Winter	42	4	7903.7130	74.9707	7575.6577	231.4988	26107.1928	587460.2200	8483.6931
Santa Cruz	Natural	Winter	49	1	8449.5703	80.7377	8270.3897	68.0503	32383.6830	580961.3500	9510.6667
Santa Cruz	Natural	Winter	49	3	7918.3667	74.9707	7723.8307	134.0604	30259.6920	571117.2200	6392.0287
Santa Cruz	Natural	Winter	49	4	7987.9290	98.0386	7779.8473	121.1065	26097.3150	526834.5300	4621.2375
Santa Cruz	Natural	Winter	56	3	7124.0907	99.0870	6918.8280	137.3281	34549.5800	574980.2600	16448.9590
Santa Cruz	Natural	Winter	56	4	8067.1233	103.8056	7812.7813	133.0504	33866.5260	549721.6500	8607.6120
Santa Cruz	Natural	Summer	14	2	3230.0617	85.3513	3043.4153	103.8942	22084.0020	245954.9600	2039.2831
Santa Cruz	Natural	Summer	14	3	3433.6747	104.2829	3144.5507	174.6247	22606.0200	308917.3860	2896.2428
Santa Cruz	Natural	Summer	14	4	2598.4397	69.3084	2355.7147	166.0890	20679.2830	365697.6640	1327.7938
Santa Cruz	Natural	Summer	21	1	5078.7467	92.2716	4915.8980	64.1467	24792.2710	421071.9900	6969.7205
Santa Cruz	Natural	Summer	21	2	4032.5980	121.4656	3669.1500	213.9191	26032.6630	456459.9330	4189.6147
Santa Cruz	Natural	Summer	21	3	3219.0673	57.9488	2965.3127	191.6639	22142.0700	504885.8300	3384.1383
Santa Cruz	Natural	Summer	21	4	4633.7087	87.6468	4412.0900	98.5159	22121.7160	585061.3400	6256.4350
Santa Cruz	Natural	Summer	28	1	6018.5803	92.6815	5718.8770	179.0957	27256.8900	592085.6000	5716.1579
Santa Cruz	Natural	Summer	28	3	4729.9733	92.2716	4515.9500	121.8358	35875.5780	525038.9100	5430.3064
Santa Cruz	Natural	Summer	28	4	5110.9640	109.5726	4838.5547	109.5726	39105.2660	572069.3300	5561.4093
Santa Cruz	Natural	Summer	35	1	7121.5207	80.7377	6786.8120	224.9121	34176.0250	566921.6000	12798.4246
Santa Cruz	Natural	Summer	35	2	6243.4937	92.2716	5883.4657	279.2116	32705.1560	514545.6000	12503.8909
Santa Cruz	Natural	Summer	35	3	6635.1027	86.5047	6299.1943	230.6791	35826.7910	683512.0800	11146.1660
Santa Cruz	Natural	Summer	35	4	6746.2483	161.4754	6296.2447	265.5025	16570.4840	658338.0200	17978.7972
Santa Cruz	Natural	Summer	42	1	6882.0187	132.6405	6593.4830	149.9414	30380.0200	565695.5500	6640.7660
Santa Cruz	Natural	Summer	42	2	8014.4817	74.9707	7772.9830	115.3396	27653.1930	607653.7100	13012.7391
Santa Cruz	Natural	Summer	42	3	6256.0133	161.8852	5704.1720	331.5152	35269.1500	849512.1990	20307.2239
Santa Cruz	Natural	Summer	49	1	6590.9467	196.3649	6079.8563	251.4882	32776.9930	758650.3900	22064.8455
Santa Cruz	Natural	Summer	49	2	6924.5963	184.5433	6524.3480	209.4441	27621.4660	610773.1700	11308.3986
Santa Cruz	Natural	Summer	49	4	6152.1747	115.6986	5903.7260	109.9824	32046.6460	805157.3300	7349.5608
Santa Cruz	Natural	Summer	56	1	4869.2513	121.1065	4608.6923	144.1744	28218.6120	819416.4900	15583.9174
Santa Cruz	Natural	Summer	56	2	7865.2207	207.8032	7345.3403	242.2131	29780.7780	676655.9100	3508.9558
Santa Cruz	Natural	Summer	56	4	7464.3683	126.8735	7227.1020	115.6986	27763.9430	699079.8400	9550.4784
