n	Tratamiento	n.hojas.inicial	n.hojas.final	c.hojas	Raiz.g	hojas.g	tallo.g	AFS.area.cm2	AFS.masa.g	AFS.cm2.mg	hojas.total.g	hojas.area.cm2	total.g	raiz/parte.area	raiz.total	hojas.total	tallo.total	raiz.area.hojas.mg.cm2
1	0%	5	12	7	0.0688	0.5192	0.1152	16	0.0071	2.253521127	0.5263	1186.028169	0.7103	0.107248636	0.096860481	0.740954526	0.162184992	0.05800874
2	0%	5	10	5	0.0248	0.3123	0.0426	16	0.0020	8	0.3143	2514.4	0.3817	0.069487251	0.064972491	0.823421535	0.111605973	0.009863188
3	0%	5	11	6	0.0351	0.5042	0.0948	4	0.0054	0.740740741	0.5096	377.4814815	0.6395	0.058074123	0.05488663	0.796872557	0.148240813	0.092984694
4	0%	5	12	7	0.0788	0.4920	0.1029	16	0.0052	3.076923077	0.4972	1529.846154	0.6789	0.131311448	0.116070113	0.732361172	0.151568714	0.051508447
5	0%	5	10	5	0.0428	0.3760	0.0691	16	0.0060	2.666666667	0.3820	1018.666667	0.4939	0.094879184	0.086657218	0.773435918	0.139906864	0.042015707
6	0%	5	12	7	0.0348	0.3674	0.0552	4	0.0055	0.727272727	0.3729	271.2	0.4629	0.081289418	0.075178224	0.805573558	0.119248218	0.128318584
7	0%	5	11	6	0.0424	0.2749	0.0670	16	0.0035	4.571428571	0.2784	1272.685714	0.3878	0.122756225	0.109334709	0.717895823	0.172769469	0.033315374
8	0%	5	12	7	0.0275	0.1926	0.0712	16	0.0062	2.580645161	0.1988	513.0322581	0.2975	0.101851852	0.092436975	0.668235294	0.239327731	0.053602867
9	0%	5	12	7	0.0514	0.4579	0.1053	16	0.0021	7.619047619	0.4600	3504.761905	0.6167	0.090925172	0.083346846	0.745905627	0.170747527	0.014665761
10	0%	5	12	7	0.0563	0.4228	0.0959	16	0.0107	1.495327103	0.4335	648.2242991	0.5857	0.106346808	0.096124296	0.740140003	0.163735701	0.086852653
11	0%	5	10	5	0.0607	0.4741	0.0860	16	0.0083	1.927710843	0.4824	929.9277108	0.6291	0.106790992	0.096487045	0.766809728	0.136703227	0.065273891
12	0%	5	12	7	0.0954	0.4723	0.0823	16	0.0038	4.210526316	0.4761	2004.631579	0.6538	0.170845272	0.145916182	0.728204344	0.125879474	0.047589792
13	0%	5	9	4	0.0373	0.3665	0.0738	16	0.0152	1.052631579	0.3817	401.7894737	0.4928	0.081888035	0.075689935	0.774553571	0.149756494	0.092834687
14	0%	5	11	6	0.0360	0.2656	0.0510	16	0.0104	1.538461538	0.2760	424.6153846	0.3630	0.110091743	0.099173554	0.760330579	0.140495868	0.084782609
1	25%	5	9	4	0.0450	0.2136	0.0436	2	0.0029	0.689655172	0.2165	149.3103448	0.3051	0.173010381	0.147492625	0.709603409	0.142903966	0.301385681
2	25%	5	11	6	0.0719	0.3013	0.0744	4	0.0029	1.379310345	0.3042	419.5862069	0.4505	0.189910195	0.159600444	0.675249723	0.165149834	0.171359303
3	25%	5	9	4	0.0736	0.2604	0.0673	4	0.0040	1	0.2644	264.4	0.4053	0.221887248	0.181593881	0.652356279	0.16604984	0.278366112
4	25%	5	12	7	0.0917	0.4344	0.1077	4	0.0049	0.816326531	0.4393	358.6122449	0.6387	0.167641682	0.143572882	0.687803351	0.168623767	0.255707944
5	25%	5	10	5	0.0779	0.2789	0.0855	4	0.0036	1.111111111	0.2825	313.8888889	0.4459	0.211684783	0.174702848	0.633550123	0.191747028	0.248176991
6	25%	5	9	4	0.0552	0.1570	0.0925	4	0.0036	1.111111111	0.1606	178.4444444	0.3083	0.218095614	0.179046383	0.520921181	0.300032436	0.309339975
7	25%	5	10	5	0.0926	0.3220	0.1376	4	0.0035	1.142857143	0.3255	372	0.5557	0.199956813	0.166636674	0.585747706	0.24761562	0.248924731
8	25%	5	11	6	0.1482	0.4113	0.1313	4	0.0044	0.909090909	0.4157	377.9090909	0.6952	0.270932358	0.213176064	0.597957422	0.188866513	0.392157806
9	25%	5	10	5	0.0775	0.2781	0.0589	4	0.0045	0.888888889	0.2826	251.2	0.4190	0.226939971	0.1849642	0.674463007	0.140572792	0.308519108
10	25%	5	6	1	0.0385	0.1398	0.0417	16	0.0149	1.073825503	0.1547	166.1208054	0.2349	0.196028513	0.163899532	0.658578118	0.17752235	0.23175905
11	25%	5	10	5	0.0537	0.2014	0.0508	4	0.0032	1.25	0.2046	255.75	0.3091	0.210258418	0.173730184	0.661921708	0.164348107	0.209970674
12	25%	5	13	8	0.0805	0.5059	0.0981	4	0.0042	0.952380952	0.5101	485.8095238	0.6887	0.132357777	0.116886888	0.740670829	0.142442283	0.165702803
13	25%	5	12	7	0.0649	0.3548	0.0366	4	0.0048	0.833333333	0.3596	299.6666667	0.4611	0.163806159	0.14075038	0.779874214	0.079375407	0.216573971
14	25%	5	10	5	0.0966	0.2957	0.0850	16	0.0113	1.415929204	0.3070	434.6902655	0.4886	0.246428571	0.197707736	0.628325829	0.173966435	0.222227199
1	50%	5	9	4	0.0395	0.1786	0.0198	4	0.0044	0.909090909	0.1830	166.3636364	0.2423	0.194773176	0.163021048	0.755262072	0.08171688	0.237431694
2	50%	5	11	6	0.0586	0.2051	0.0278	16	0.0114	1.403508772	0.2165	303.8596491	0.3029	0.239869014	0.193463189	0.714757346	0.091779465	0.192852194
3	50%	5	8	3	0.0382	0.1424	0.0443	16	0.0090	1.777777778	0.1514	269.1555556	0.2339	0.19519673	0.163317657	0.647285165	0.189397178	0.141925363
4	50%	5	11	6	0.0629	0.2471	0.0459	4	0.0025	1.6	0.2496	399.36	0.3584	0.21285956	0.175502232	0.696428571	0.128069196	0.157502003
5	50%	5	11	6	0.0529	0.2398	0.0367	4	0.0029	1.379310345	0.2427	334.7586207	0.3323	0.189334288	0.1591935	0.730364129	0.110442371	0.15802431
6	50%	5	9	4	0.0683	0.2548	0.0302	4	0.0046	0.869565217	0.2594	225.5652174	0.3579	0.235842541	0.190835429	0.724783459	0.084381112	0.302794911
7	50%	5	10	5	0.0801	0.2311	0.0270	4	0.0042	0.952380952	0.2353	224.0952381	0.3424	0.305375524	0.233936916	0.687207944	0.07885514	0.357437314
8	50%	5	8	3	0.0609	0.2355	0.0595	4	0.0033	1.212121212	0.2388	289.4545455	0.3592	0.204156889	0.16954343	0.66481069	0.16564588	0.210395729
9	50%	5	8	3	0.0558	0.1807	0.0431	16	0.0089	1.797752809	0.1896	340.8539326	0.2885	0.239793726	0.193414211	0.657192374	0.149393414	0.163706487
10	50%	5	10	5	0.0566	0.2138	0.0385	12	0.0126	0.952380952	0.2264	215.6190476	0.3215	0.213665534	0.176049767	0.704199067	0.119751166	0.2625
11	50%	5	9	4	0.0630	0.2244	0.0289	4	0.0032	1.25	0.2276	284.5	0.3195	0.245614035	0.197183099	0.712363067	0.090453834	0.221441125
12	50%	5	9	4	0.0909	0.1831	0.0344	16	0.0151	1.059602649	0.1982	210.013245	0.3235	0.390799656	0.280989181	0.612673879	0.10633694	0.432829844
13	50%	5	10	5	0.0621	0.1708	0.0285	1	0.0007	1.428571429	0.1715	245	0.2621	0.3105	0.236932469	0.654330408	0.108737123	0.253469388
14	50%	5	11	6	0.1022	0.3207	0.0295	4	0.0048	0.833333333	0.3255	271.25	0.4572	0.287887324	0.223534558	0.711942257	0.064523185	0.376774194
1	75%	5	6	1	0.1123	0.1390	0.0254	1	0.0023	0.434782609	0.1413	61.43478261	0.2790	0.673665267	0.402508961	0.506451613	0.091039427	1.827954706
2	75%	5	10	5	0.0806	0.1184	0.0394	4	0.0028	1.428571429	0.1212	173.1428571	0.2412	0.501867995	0.334162521	0.502487562	0.163349917	0.465511551
3	75%	5	8	3	0.0910	0.1464	0.0234	4	0.0026	1.538461538	0.1490	229.2307692	0.2634	0.527842227	0.345482156	0.565679575	0.088838269	0.396979866
4	75%	5	6	1	0.0582	0.0745	0.0143	1	0.0012	0.833333333	0.0757	63.08333333	0.1482	0.646666667	0.392712551	0.510796221	0.096491228	0.922589168
5	75%	5	9	4	0.0590	0.1652	0.0186	1	0.0010	1	0.1662	166.2	0.2438	0.319264069	0.242001641	0.681706317	0.076292043	0.354993983
6	75%	5	8	3	0.0887	0.1617	0.0226	4	0.0046	0.869565217	0.1663	144.6086957	0.2776	0.469560614	0.319524496	0.599063401	0.081412104	0.613379435
7	75%	5	7	2	0.0629	0.0972	0.0358	1	0.0013	0.769230769	0.0985	75.76923077	0.1972	0.46835443	0.318965517	0.499492901	0.181541582	0.830152284
8	75%	5	7	2	0.0872	0.1643	0.0143	4	0.0045	0.888888889	0.1688	150.0444444	0.2703	0.47624249	0.322604514	0.624491306	0.052904181	0.581161137
9	75%	5	9	4	0.1224	0.2006	0.0329	4	0.0048	0.833333333	0.2054	171.1666667	0.3607	0.513638271	0.339340172	0.569448295	0.091211533	0.715092502
10	75%	5	7	2	0.0791	0.1633	0.0373	2	0.0064	0.3125	0.1697	53.03125	0.2861	0.382125604	0.276476756	0.593149249	0.130373995	1.491573365
11	75%	5	10	5	0.0756	0.1559	0.0472	2	0.0023	0.869565217	0.1582	137.5652174	0.2810	0.368062317	0.269039146	0.562989324	0.16797153	0.549557522
12	75%	5	8	3	0.0957	0.1519	0.0266	16	0.0168	0.952380952	0.1687	160.6666667	0.2910	0.490015361	0.328865979	0.579725086	0.091408935	0.595643154
13	75%	5	9	4	0.1111	0.2008	0.0317	4	0.0048	0.833333333	0.2056	171.3333333	0.3484	0.468183734	0.318886338	0.590126292	0.090987371	0.64844358
14	75%	5	8	3	0.0785	0.1374	0.0250	1	0.0015	0.666666667	0.1389	92.6	0.2424	0.47895058	0.323844884	0.573019802	0.103135314	0.847732181
1	100%	5	6	1	0.0715	0.1279	0.0391	1	0.0020	0.5	0.1299	64.95	0.2405	0.423076923	0.297297297	0.54012474	0.162577963	1.100846805
2	100%	5	8	3	0.0792	0.1720	0.0331	1	0.0018	0.555555556	0.1738	96.55555556	0.2861	0.38279362	0.276826285	0.607479902	0.115693813	0.820253165
3	100%	5	6	1	0.0626	0.1166	0.0232	1	0.0016	0.625	0.1182	73.875	0.2040	0.4427157	0.306862745	0.579411765	0.11372549	0.847377327
4	100%	5	10	5	0.0756	0.1538	0.0407	1	0.0014	0.714285714	0.1552	110.8571429	0.2715	0.385911179	0.278453039	0.571639042	0.149907919	0.681958763
5	100%	5	6	1	0.0823	0.1097	0.0390	1	0.0024	0.416666667	0.1121	46.70833333	0.2334	0.544672402	0.352613539	0.480291345	0.167095116	1.761998216
6	100%	5	7	2	0.0796	0.1201	0.0376	1	0.0026	0.384615385	0.1227	47.19230769	0.2399	0.496568933	0.331804919	0.51146311	0.156731972	1.686715566
7	100%	5	8	3	0.0903	0.1242	0.0424	1	0.0026	0.384615385	0.1268	48.76923077	0.2595	0.533687943	0.347976879	0.488631985	0.163391137	1.851577287
8	100%	5	6	1	0.0546	0.1010	0.0277	1	0.0010	1	0.1020	102	0.1843	0.420971473	0.296256104	0.553445469	0.150298426	0.535294118
9	100%	5	8	3	0.0660	0.1199	0.0302	1	0.0008	1.25	0.1207	150.875	0.2169	0.437375746	0.30428769	0.556477639	0.13923467	0.437448219
10	100%	5	8	3	0.0532	0.1127	0.0338	1	0.0008	1.25	0.1135	141.875	0.2005	0.361167685	0.265336658	0.566084788	0.168578554	0.374977974
11	100%	5	8	3	0.0689	0.1352	0.0337	1	0.0013	0.769230769	0.1365	105	0.2391	0.404817861	0.288163948	0.570890841	0.140945211	0.656190476
12	100%	5	6	1	0.0560	0.0974	0.0109	1	0.0029	0.344827586	0.1003	34.5862069	0.1672	0.503597122	0.33492823	0.599880383	0.065191388	1.619142572
13	100%	5	7	2	0.0660	0.1358	0.0370	1	0.0025	0.4	0.1383	55.32	0.2413	0.376497433	0.273518442	0.573145462	0.153336096	1.193058568
14	100%	5	9	4	0.0564	0.1322	0.0273	1	0.0015	0.666666667	0.1337	89.13333333	0.2174	0.350310559	0.259429623	0.6149954	0.125574977	0.63275991
