Substratum	Treatment_2	TH	n	SL	RL	NL	SDM	LDM	RDM	TDM	SMR	LMR	RMR	RAB	RLR
Soil	3_Soil	Without	1	9.5	8	3	0.0168	0.016	0.0074	0.0402	0.41791	0.39801	0.18408	4.43243	0.4625
Soil	3_Soil	Without	0	NA	NA	NA	NA	NA	NA	NA	NA	NA	NA	NA	NA
Soil	3_Soil	Without	3	8.25	7.875	3	0.01383	0.0153	0.0077	0.03683	0.37557	0.41538	0.20905	1.26118	0.50327
Soil	3_Soil	Without	1	11.5	10	2	0.0328	0.033	0.019	0.0848	0.38679	0.38915	0.22406	3.46316	0.57576
Soil	3_Soil	Without	1	9.5	9.5	3	0.0188	0.0223	0.0121	0.0532	0.35338	0.41917	0.22744	3.39669	0.5426
Soil	3_Soil	Without	0	NA	NA	NA	NA	NA	NA	NA	NA	NA	NA	NA	NA
Soil	3_Soil	Without	1	11	10.6	3	0.0216	0.0233	0.0125	0.0574	0.37631	0.40592	0.21777	3.592	0.53648
Soil	3_Soil	Without	3	9.2	8.833	3	0.01483	0.01507	0.0079	0.0378	0.39242	0.39859	0.20899	1.2616	0.52434
Soil	3_Soil	Without	2	9.25	9	3	0.0117	0.01175	0.006	0.02945	0.39728	0.39898	0.20374	1.95417	0.51064
Soil	3_Soil	Without	2	11.75	11.1	3	0.0226	0.0223	0.0132	0.0581	0.38898	0.38382	0.22719	1.70076	0.59193
Soil	3_Soil	Without	2	11.1	9.25	3	0.03015	0.0321	0.01365	0.0759	0.39723	0.42292	0.17984	2.28022	0.42523
Soil	3_Soil	Without	1	10	6.5	2	0.0214	0.0233	0.0115	0.0562	0.38078	0.41459	0.20463	3.88696	0.49356
Soil	3_Soil	Without	2	9.3	5.5	3	0.01265	0.01	0.0039	0.02655	0.47646	0.37665	0.14689	2.90385	0.39
Soil	3_Soil	Without	1	13	8.5	3	0.0471	0.0469	0.0192	0.1132	0.41608	0.41431	0.16961	4.89583	0.40938
Soil	3_Soil	Without	2	11.25	10.35	4	0.01845	0.0216	0.0105	0.05055	0.36499	0.4273	0.20772	1.90714	0.48611
Soil	3_Soil	Without	3	12.5	9.233	5	0.02337	0.01817	0.0083	0.04983	0.4689	0.36455	0.16656	1.66801	0.45688
Soil	3_Soil	Without	2	9.65	8.85	2	0.0141	0.0158	0.008	0.0379	0.37203	0.41689	0.21108	1.86875	0.50633
Soil	3_Soil	Without	1	11	9	3	0.0234	0.0254	0.0163	0.0651	0.35945	0.39017	0.25038	2.99387	0.64173
Soil	3_Soil	Without	1	10.5	10	3	0.0243	0.032	0.0146	0.0709	0.34274	0.45134	0.20592	3.85616	0.45625
Soil	3_Soil	Without	2	13.5	10.75	5	0.0349	0.03075	0.0148	0.08045	0.43381	0.38222	0.18397	2.21791	0.4813
Soil	3_Soil	Without	1	12.5	10	3	0.0232	0.0228	0.0117	0.0577	0.40208	0.39515	0.20277	3.93162	0.51316
Soil	3_Soil	Without	1	11	9.5	2	0.0178	0.0152	0.0096	0.0426	0.41784	0.35681	0.22535	3.4375	0.63158
Soil	3_Soil	Without	6	8.85	6.8	2	0.0119	0.01013	0.00617	0.0282	0.42199	0.35934	0.21868	0.5955	0.60855
Soil	3_Soil	Without	3	10.067	5.333	5	0.01177	0.00973	0.0038	0.0253	0.46509	0.38472	0.1502	1.88596	0.39041
Soil	3_Soil	Without	1	12.8	11	3	0.0273	0.0251	0.0128	0.0652	0.41871	0.38497	0.19632	4.09375	0.50996
Soil	3_Soil	Without	2	14.75	9.5	4	0.03585	0.0254	0.01345	0.0747	0.47992	0.34003	0.18005	2.27695	0.52953
Soil	3_Soil	Without	1	10.5	4	3	0.0098	0.0107	0.0011	0.0216	0.4537	0.49537	0.05093	18.63636	0.1028
Soil	3_Soil	Without	3	8.333	8.833	2	0.0085	0.0068	0.00597	0.02127	0.39969	0.31975	0.28056	0.85475	0.87745
Soil	3_Soil	Without	2	9	6.6	3	0.0126	0.01065	0.0046	0.02785	0.45242	0.38241	0.16517	2.52717	0.43192
Soil	3_Soil	Without	0	NA	NA	NA	NA	NA	NA	NA	NA	NA	NA	NA	NA
Soil	3_Soil	Without	0	NA	NA	NA	NA	NA	NA	NA	NA	NA	NA	NA	NA
Soil	3_Soil	Without	1	12.5	8.5	3	0.0321	0.0355	0.0177	0.0853	0.37632	0.41618	0.2075	3.81921	0.49859
Soil	3_Soil	Without	1	15.8	10.2	3	0.0452	0.0462	0.0197	0.1111	0.40684	0.41584	0.17732	4.63959	0.42641
Soil	3_Soil	Without	1	13.5	14	3	0.058	0.0541	0.0262	0.1383	0.41938	0.39118	0.18944	4.27863	0.48429
Soil	3_Soil	Without	3	12.033	12.067	2	0.0258	0.0203	0.01253	0.05863	0.44002	0.34622	0.21376	1.22606	0.61741
Soil	3_Soil	Without	2	10	9.25	3	0.01855	0.0177	0.0111	0.04735	0.39176	0.37381	0.23442	1.63288	0.62712
Soil	3_Soil	Without	3	9.733	8.067	3	0.01637	0.01227	0.0066	0.03523	0.46452	0.34816	0.18732	1.44613	0.53804
Soil	3_Soil	Without	3	10.567	9.667	3	0.01863	0.01537	0.01017	0.04417	0.42189	0.34792	0.23019	1.11475	0.66161
Soil	3_Soil	Without	3	11.567	11.167	4	0.0157	0.0124	0.00793	0.03603	0.43571	0.34413	0.22017	1.18067	0.63978
Soil	3_Soil	Without	3	11.567	6.7	4	0.02203	0.0195	0.00927	0.0508	0.43373	0.38386	0.18241	1.494	0.47521
Soil	3_Soil	Without	1	13.5	12	3	0.0469	0.047	0.0259	0.1198	0.39149	0.39232	0.21619	3.62548	0.55106
Soil	3_Soil	Without	3	9.333	8.167	2	0.017	0.0177	0.01153	0.04623	0.3677	0.38284	0.24946	1.00289	0.6516
Soil	3_Soil	Without	1	8	3.3	4	0.0084	0.0115	0.0028	0.0227	0.37004	0.50661	0.12335	7.10714	0.24348
Soil	3_Soil	Without	1	8.5	6.8	2	0.0112	0.0103	0.0061	0.0276	0.4058	0.37319	0.22101	3.52459	0.59223
Soil	3_Soil	Without	1	13	11	3	0.035	0.0314	0.0205	0.0869	0.40276	0.36133	0.2359	3.23902	0.65287
Soil	3_Soil	Without	1	10	4.5	4	0.0133	0.0143	0.0039	0.0315	0.42222	0.45397	0.12381	7.07692	0.27273
Soil	3_Soil	Without	2	12.65	10	2	0.0265	0.02	0.0108	0.0573	0.46248	0.34904	0.18848	2.15278	0.54
Soil	3_Soil	Without	3	6.2	8.267	2	0.00787	0.00693	0.00637	0.02117	0.37165	0.32756	0.30079	0.77487	0.91827
Soil	3_Soil	Without	2	8.15	8.75	3	0.01465	0.01725	0.0074	0.0393	0.37277	0.43893	0.1883	2.15541	0.42899
Soil	3_Soil	Without	2	9.7	6.75	4	0.01245	0.01195	0.0053	0.0297	0.41919	0.40236	0.17845	2.30189	0.44351
Soil	3_Soil	Without	1	12	8.4	4	0.018	0.0229	0.0069	0.0478	0.37657	0.47908	0.14435	5.92754	0.30131
Soil	3_Soil	Without	1	13.5	12.2	3	0.0236	0.0276	0.0164	0.0676	0.34911	0.40828	0.2426	3.12195	0.5942
Soil	3_Soil	Without	1	10	3	2	0.0174	0.0152	0.002	0.0346	0.50289	0.43931	0.0578	16.3	0.13158
Soil	3_Soil	Without	2	7.65	8.25	2	0.01495	0.015	0.008	0.03795	0.39394	0.39526	0.2108	1.87188	0.53333
Soil	3_Soil	Without	3	6.5	2.933	2	0.00907	0.0098	0.00267	0.02153	0.42105	0.45511	0.12384	2.35833	0.27211
Soil	3_Soil	Without	1	9	5.5	2	0.0126	0.014	0.004	0.0306	0.41176	0.45752	0.13072	6.65	0.28571
Soil	3_Soil	Without	1	9	9	3	0.0206	0.0345	0.0125	0.0676	0.30473	0.51036	0.18491	4.408	0.36232
Soil	3_Soil	Without	1	8.5	10	4	0.0318	0.0615	0.0264	0.1197	0.26566	0.51378	0.22055	3.53409	0.42927
Soil	3_Soil	Without	2	7.75	8.75	4	0.01775	0.0275	0.0133	0.05855	0.30316	0.46968	0.22716	1.70113	0.48364
Soil	3_Soil	Without	0	NA	NA	NA	NA	NA	NA	NA	NA	NA	NA	NA	NA
Soil	4_Soil+Trichoderma	With	1	6	9.1	3	0.0088	0.0138	0.0062	0.0288	0.30556	0.47917	0.21528	3.64516	0.44928
Soil	4_Soil+Trichoderma	With	1	10.8	14.6	3	0.0274	0.0324	0.0144	0.0742	0.36927	0.43666	0.19407	4.15278	0.44444
Soil	4_Soil+Trichoderma	With	1	10.2	4.6	3	0.0243	0.0259	0.0081	0.0583	0.41681	0.44425	0.13894	6.19753	0.31274
Soil	4_Soil+Trichoderma	With	2	9.45	6.65	3	0.0145	0.0158	0.00595	0.03625	0.4	0.43586	0.16414	2.54622	0.37658
Soil	4_Soil+Trichoderma	With	3	9.633	8.667	3	0.01293	0.01273	0.007	0.03267	0.39592	0.3898	0.21429	1.22222	0.54974
Soil	4_Soil+Trichoderma	With	3	8.3	6.867	3	0.01103	0.0101	0.00367	0.0248	0.44489	0.40726	0.14785	1.92121	0.36304
Soil	4_Soil+Trichoderma	With	2	7.55	9.25	3	0.00835	0.0107	0.0061	0.02515	0.33201	0.42545	0.24254	1.56148	0.57009
Soil	4_Soil+Trichoderma	With	1	11.6	9.3	5	0.044	0.0517	0.0126	0.1083	0.40628	0.47738	0.11634	7.59524	0.24371
Soil	4_Soil+Trichoderma	With	3	9.633	8.033	2	0.01207	0.01187	0.00533	0.02927	0.4123	0.40547	0.18223	1.49583	0.44944
Soil	4_Soil+Trichoderma	With	2	9.45	6.6	3	0.0177	0.0157	0.00785	0.04125	0.42909	0.38061	0.1903	2.12739	0.5
Soil	4_Soil+Trichoderma	With	3	9.333	6.333	3	0.01663	0.01723	0.0065	0.04037	0.41206	0.42692	0.16102	1.73675	0.37718
Soil	4_Soil+Trichoderma	With	3	9.4	5.267	3	0.01417	0.0125	0.00533	0.032	0.44271	0.39063	0.16667	1.66667	0.42667
Soil	4_Soil+Trichoderma	With	1	12.5	10.4	4	0.034	0.0504	0.0213	0.1057	0.32167	0.47682	0.20151	3.96244	0.42262
Soil	4_Soil+Trichoderma	With	3	9.833	8.233	3	0.01607	0.01353	0.00913	0.03873	0.4148	0.3494	0.2358	1.08029	0.67488
Soil	4_Soil+Trichoderma	With	2	12.45	9.2	3	0.0246	0.01875	0.00845	0.0518	0.4749	0.36197	0.16313	2.56509	0.45067
Soil	4_Soil+Trichoderma	With	1	14.1	7.6	4	0.0435	0.0363	0.0152	0.095	0.45789	0.38211	0.16	5.25	0.41873
Soil	4_Soil+Trichoderma	With	1	12.4	9.7	3	0.0316	0.0334	0.0179	0.0829	0.38118	0.4029	0.21592	3.63128	0.53593
Soil	4_Soil+Trichoderma	With	1	11.5	11.6	3	0.0247	0.0296	0.0136	0.0679	0.36377	0.43594	0.20029	3.99265	0.45946
Soil	4_Soil+Trichoderma	With	1	12.5	7.7	3	0.0221	0.0199	0.0084	0.0504	0.43849	0.39484	0.16667	5	0.42211
Soil	4_Soil+Trichoderma	With	1	10.8	10.1	3	0.0182	0.0201	0.0112	0.0495	0.36768	0.40606	0.22626	3.41964	0.55721
Soil	4_Soil+Trichoderma	With	1	7.6	3.5	3	0.0126	0.0173	0.0037	0.0336	0.375	0.51488	0.11012	8.08108	0.21387
Soil	4_Soil+Trichoderma	With	2	10.55	9.5	7	0.02195	0.02455	0.0116	0.0581	0.3778	0.42255	0.19966	2.00431	0.47251
Soil	4_Soil+Trichoderma	With	4	11.55	8.125	3	0.0175	0.01573	0.0082	0.04143	0.42245	0.3796	0.19795	1.01296	0.52146
Soil	4_Soil+Trichoderma	With	1	11.5	13.6	4	0.0306	0.0271	0.0142	0.0719	0.42559	0.37691	0.1975	4.06338	0.52399
Soil	4_Soil+Trichoderma	With	1	12.3	10.7	6	0.036	0.0496	0.0126	0.0982	0.3666	0.50509	0.12831	6.79365	0.25403
Soil	4_Soil+Trichoderma	With	3	8.8	9.9	3	0.01487	0.01367	0.009	0.03753	0.39609	0.36412	0.23979	1.05679	0.65854
Soil	4_Soil+Trichoderma	With	3	12.567	9.733	3	0.02223	0.01767	0.00853	0.04843	0.45905	0.36476	0.17619	1.55859	0.48302
Soil	4_Soil+Trichoderma	With	1	13.5	9.7	3	0.0284	0.0183	0.0074	0.0541	0.52495	0.33826	0.13678	6.31081	0.40437
Soil	4_Soil+Trichoderma	With	2	11.1	9.8	3	0.021	0.01705	0.0112	0.04925	0.4264	0.34619	0.22741	1.69866	0.65689
Soil	4_Soil+Trichoderma	With	2	11.4	9.9	3	0.0184	0.01575	0.00815	0.0423	0.43499	0.37234	0.19267	2.09509	0.51746
Soil	4_Soil+Trichoderma	With	2	8.35	8.15	3	0.0114	0.0169	0.00555	0.03385	0.33678	0.49926	0.16396	2.54955	0.3284
Soil	4_Soil+Trichoderma	With	2	11.4	7.55	3	0.02835	0.03025	0.01295	0.07155	0.39623	0.42278	0.18099	2.26255	0.4281
Soil	4_Soil+Trichoderma	With	1	12.7	12	4	0.0469	0.05	0.0247	0.1216	0.38569	0.41118	0.20313	3.92308	0.494
Soil	4_Soil+Trichoderma	With	1	13.7	12.2	3	0.0539	0.0546	0.0254	0.1339	0.40254	0.40777	0.18969	4.27165	0.4652
Soil	4_Soil+Trichoderma	With	1	15	10.4	3	0.0503	0.049	0.0203	0.1196	0.42057	0.4097	0.16973	4.89163	0.41429
Soil	4_Soil+Trichoderma	With	2	10.75	9.95	3	0.01925	0.0171	0.0096	0.04595	0.41893	0.37214	0.20892	1.89323	0.5614
Soil	4_Soil+Trichoderma	With	2	9.1	10.8	4	0.01335	0.0201	0.0077	0.04115	0.32442	0.48846	0.18712	2.17208	0.38308
Soil	4_Soil+Trichoderma	With	1	11	14.7	3	0.0328	0.0437	0.0181	0.0946	0.34672	0.46195	0.19133	4.22652	0.41419
Soil	4_Soil+Trichoderma	With	2	11.15	8.05	3	0.02535	0.0204	0.00835	0.0541	0.46858	0.37708	0.15434	2.73952	0.40931
Soil	4_Soil+Trichoderma	With	3	11.3	7.333	3	0.0228	0.01903	0.00893	0.05077	0.44911	0.37492	0.17597	1.56095	0.46935
Soil	4_Soil+Trichoderma	With	1	15.7	14.1	3	0.0419	0.0348	0.0164	0.0931	0.45005	0.37379	0.17615	4.67683	0.47126
Soil	4_Soil+Trichoderma	With	2	10.1	8.7	3	0.0155	0.01395	0.0087	0.03815	0.40629	0.36566	0.22805	1.69253	0.62366
Soil	4_Soil+Trichoderma	With	2	8.45	6.25	4	0.0125	0.0167	0.0046	0.0338	0.36982	0.49408	0.13609	3.17391	0.27545
Soil	4_Soil+Trichoderma	With	4	9.8	7.775	3	0.02023	0.01718	0.00853	0.04593	0.44039	0.37398	0.18563	1.09677	0.49636
Soil	4_Soil+Trichoderma	With	4	10.375	8.775	3	0.01848	0.0152	0.00855	0.04223	0.43754	0.35998	0.20249	0.98465	0.5625
Soil	4_Soil+Trichoderma	With	4	10.7	8.4	3	0.0163	0.0129	0.0071	0.0363	0.44904	0.35537	0.19559	1.02817	0.55039
Soil	4_Soil+Trichoderma	With	2	11.9	10.05	3	0.0289	0.02605	0.0131	0.06805	0.42469	0.38281	0.19251	2.09733	0.50288
Soil	4_Soil+Trichoderma	With	2	13.8	7.4	4	0.02785	0.02135	0.0056	0.0548	0.50821	0.3896	0.10219	4.39286	0.2623
Soil	4_Soil+Trichoderma	With	1	7.8	3.6	3	0.009	0.0089	0.0038	0.0217	0.41475	0.41014	0.17512	4.71053	0.42697
Soil	4_Soil+Trichoderma	With	3	9.167	11.167	3	0.01507	0.01597	0.00863	0.03967	0.37983	0.40252	0.21765	1.1982	0.54071
Soil	4_Soil+Trichoderma	With	3	7.433	7.9	2	0.00953	0.00933	0.0066	0.02547	0.37435	0.36649	0.25916	0.95286	0.70714
Soil	4_Soil+Trichoderma	With	2	9.55	7.5	3	0.0146	0.0163	0.00775	0.03865	0.37775	0.42173	0.20052	1.99355	0.47546
Soil	4_Soil+Trichoderma	With	2	10.1	8.2	3	0.0232	0.021	0.0113	0.0555	0.41802	0.37838	0.2036	1.95575	0.5381
Soil	4_Soil+Trichoderma	With	2	11.25	8	5	0.01985	0.0195	0.0087	0.04805	0.41311	0.40583	0.18106	2.26149	0.44615
Soil	4_Soil+Trichoderma	With	0	NA	NA	NA	NA	NA	NA	NA	NA	NA	NA	NA	NA
Soil	4_Soil+Trichoderma	With	1	6.6	3.3	3	0.0077	0.0048	0.002	0.0145	0.53103	0.33103	0.13793	6.25	0.41667
Soil	4_Soil+Trichoderma	With	1	7.5	10.8	4	0.0127	0.0169	0.0108	0.0404	0.31436	0.41832	0.26733	2.74074	0.63905
Soil	4_Soil+Trichoderma	With	1	9.6	3.9	3	0.0181	0.0289	0.0093	0.0563	0.32149	0.51332	0.16519	5.05376	0.3218
Soil	4_Soil+Trichoderma	With	1	8.4	6.2	4	0.0353	0.0574	0.0168	0.1095	0.32237	0.5242	0.15342	5.51786	0.29268
Soil	4_Soil+Trichoderma	With	1	10	5.5	3	0.0185	0.0341	0.0079	0.0605	0.30579	0.56364	0.13058	6.65823	0.23167
Food waste	1_Food waste	Without	2	4.5	3.5	2	0.0035	0.00305	0.00075	0.0073	0.47945	0.41781	0.10274	4.36667	0.2459
Food waste	1_Food waste	Without	0	NA	NA	NA	NA	NA	NA	NA	NA	NA	NA	NA	NA
Food waste	1_Food waste	Without	3	4	7.267	5	0.00437	0.0057	0.00227	0.01233	0.35405	0.46216	0.18378	1.48039	0.39766
Food waste	1_Food waste	Without	3	4.867	7	2	0.00357	0.0029	0.00267	0.00913	0.39051	0.31752	0.29197	0.80833	0.91954
Food waste	1_Food waste	Without	2	4.1	7.2	2	0.0034	0.00375	0.0025	0.00965	0.35233	0.3886	0.25907	1.43	0.66667
Food waste	1_Food waste	Without	3	4.567	7	2	0.0063	0.00703	0.00423	0.01757	0.35863	0.40038	0.24099	1.04987	0.6019
Food waste	1_Food waste	Without	3	4.067	10.833	4	0.00573	0.00903	0.00493	0.0197	0.29103	0.45854	0.25042	0.99775	0.54613
Food waste	1_Food waste	Without	3	4.9	6.567	4	0.00547	0.00607	0.0043	0.01583	0.34526	0.38316	0.27158	0.89406	0.70879
Food waste	1_Food waste	Without	3	4.7	8.333	4	0.00637	0.00843	0.00473	0.01953	0.32594	0.43174	0.24232	1.04225	0.56126
Food waste	1_Food waste	Without	3	6.167	9.333	2	0.01007	0.0112	0.0081	0.02937	0.34279	0.38138	0.27582	0.87517	0.72321
Food waste	1_Food waste	Without	5	4.74	8	5	0.00624	0.00588	0.00518	0.0173	0.36069	0.33988	0.29942	0.46795	0.88095
Food waste	1_Food waste	Without	4	4.2	9.125	2	0.00523	0.0035	0.00453	0.01325	0.39434	0.26415	0.34151	0.48204	1.29286
Food waste	1_Food waste	Without	1	5	7	3	0.0057	0.011	0.005	0.0217	0.26267	0.50691	0.23041	3.34	0.45455
Food waste	1_Food waste	Without	3	6.333	11.167	2	0.0099	0.01217	0.00947	0.03153	0.31395	0.38584	0.30021	0.777	0.77808
Food waste	1_Food waste	Without	4	4.875	9.5	2	0.00558	0.00585	0.00518	0.0166	0.33584	0.35241	0.31175	0.55193	0.88462
Food waste	1_Food waste	Without	2	4.25	7.5	3	0.00555	0.0059	0.00385	0.0153	0.36275	0.38562	0.25163	1.48701	0.65254
Food waste	1_Food waste	Without	4	5.125	8.75	2	0.00763	0.01075	0.0054	0.02378	0.32072	0.45216	0.22713	0.85069	0.50233
Food waste	1_Food waste	Without	3	5.033	5.167	2	0.0057	0.00377	0.00167	0.01113	0.51198	0.33832	0.1497	1.89333	0.44248
Food waste	1_Food waste	Without	2	3.75	11	2	0.00495	0.0055	0.00635	0.0168	0.29464	0.32738	0.37798	0.82283	1.15455
Food waste	1_Food waste	Without	3	4.567	8.667	2	0.00733	0.00507	0.00573	0.01813	0.40441	0.27941	0.31618	0.72093	1.13158
Food waste	1_Food waste	Without	5	3.78	8.2	2	0.00412	0.00356	0.00362	0.0113	0.3646	0.31504	0.32035	0.42431	1.01685
Food waste	1_Food waste	Without	3	4.667	10.167	2	0.008	0.01213	0.00757	0.0277	0.28881	0.43803	0.27316	0.88693	0.62363
Food waste	1_Food waste	Without	5	5.04	7.6	2	0.00634	0.00838	0.00554	0.02026	0.31293	0.41362	0.27345	0.53141	0.6611
Food waste	1_Food waste	Without	3	4.167	7.5	2	0.00443	0.00307	0.00293	0.01043	0.42492	0.29393	0.28115	0.85227	0.95652
Food waste	1_Food waste	Without	4	4.875	8.375	2	0.00485	0.00435	0.00443	0.01363	0.35596	0.31927	0.32477	0.51977	1.01724
Food waste	1_Food waste	Without	5	4.2	7.3	5	0.0055	0.00606	0.00574	0.0173	0.31792	0.35029	0.33179	0.40279	0.94719
Food waste	1_Food waste	Without	3	5.333	12.5	3	0.0032	0.00727	0.00347	0.01393	0.22967	0.52153	0.2488	1.00641	0.47706
Food waste	1_Food waste	Without	3	4.167	5.667	2	0.0059	0.00853	0.00293	0.01737	0.33973	0.49136	0.16891	1.64015	0.34375
Food waste	1_Food waste	Without	4	4.375	10.25	2	0.00525	0.00593	0.00558	0.01675	0.31343	0.35373	0.33284	0.50112	0.94093
Food waste	1_Food waste	Without	1	3.5	6	2	0.0034	0.0028	0.0033	0.0095	0.35789	0.29474	0.34737	1.87879	1.17857
Food waste	1_Food waste	Without	5	4.86	9	2	0.0062	0.00456	0.0046	0.01536	0.40365	0.29688	0.29948	0.46783	1.00877
Food waste	1_Food waste	Without	4	5.45	8.125	2	0.00625	0.005	0.00455	0.0158	0.39557	0.31646	0.28797	0.61813	0.91
Food waste	1_Food waste	Without	4	5.8	6	3	0.0086	0.01025	0.0051	0.02395	0.35908	0.42797	0.21294	0.92402	0.49756
Food waste	1_Food waste	Without	3	4.833	11	2	0.0071	0.0074	0.0079	0.0224	0.31696	0.33036	0.35268	0.61181	1.06757
Food waste	1_Food waste	Without	8	4.556	6.556	2	0.00443	0.00336	0.00455	0.01234	0.35866	0.27254	0.36879	0.21394	1.35316
Food waste	1_Food waste	Without	2	4.5	5.75	3	0.00675	0.0075	0.0042	0.01845	0.36585	0.4065	0.22764	1.69643	0.56
Food waste	1_Food waste	Without	3	5.333	7.333	3	0.0084	0.0067	0.00647	0.02157	0.38949	0.31066	0.29985	0.77835	0.96517
Food waste	1_Food waste	Without	2	4	8	6	0.0047	0.00055	0.00325	0.0085	0.55294	0.06471	0.38235	0.80769	5.90909
Food waste	1_Food waste	Without	3	5.9	6.333	2	0.0085	0.0081	0.00393	0.02053	0.41396	0.39448	0.19156	1.40678	0.4856
Food waste	1_Food waste	Without	4	5	5.55	2	0.00743	0.007	0.0035	0.01793	0.41423	0.39052	0.19526	1.03036	0.5
Food waste	1_Food waste	Without	4	4.75	10.25	2	0.00708	0.0053	0.00563	0.018	0.39306	0.29444	0.3125	0.55	1.06132
Food waste	1_Food waste	Without	5	3.667	6.5	6	0.00296	0.0055	0.00314	0.0116	0.25517	0.47414	0.27069	0.53885	0.57091
Food waste	1_Food waste	Without	5	4	8	2	0.004	0.0019	0.00338	0.00928	0.43103	0.20474	0.36422	0.34911	1.77895
Food waste	1_Food waste	Without	5	4.8	7.3	2	0.0066	0.00638	0.00432	0.0173	0.3815	0.36879	0.24971	0.60093	0.67712
Food waste	1_Food waste	Without	3	4.167	8.033	2	0.0052	0.0052	0.0043	0.0147	0.35374	0.35374	0.29252	0.8062	0.82692
Food waste	1_Food waste	Without	2	5.5	5.75	3	0.007	0.0108	0.0037	0.0215	0.32558	0.50233	0.17209	2.40541	0.34259
Food waste	1_Food waste	Without	0	NA	NA	NA	NA	NA	NA	NA	NA	NA	NA	NA	NA
Food waste	1_Food waste	Without	5	3.8	5.86	2	0.00374	0.00154	0.00182	0.0071	0.52676	0.2169	0.25634	0.58022	1.18182
Food waste	1_Food waste	Without	3	4.333	6.333	2	0.00447	0.0022	0.00283	0.0095	0.47018	0.23158	0.29825	0.78431	1.28788
Food waste	1_Food waste	Without	4	4.425	10	2	0.00628	0.00343	0.0056	0.0153	0.41013	0.22386	0.36601	0.43304	1.63504
Food waste	1_Food waste	Without	4	6.125	6.325	3	0.0051	0.01023	0.00498	0.0203	0.25123	0.50369	0.24507	0.7701	0.48655
Food waste	1_Food waste	Without	5	4.94	5.5	2	0.00558	0.00442	0.00402	0.01402	0.398	0.31526	0.28673	0.49751	0.9095
Food waste	1_Food waste	Without	3	4.567	9.167	2	0.0069	0.00703	0.00607	0.02	0.345	0.35167	0.30333	0.76557	0.86256
Food waste	1_Food waste	Without	4	4.625	8.875	3	0.0067	0.00738	0.022	0.03608	0.18572	0.20444	0.60984	0.15994	2.98305
Food waste	1_Food waste	Without	1	3	3	2	0.0039	0.0043	0.003	0.0112	0.34821	0.38393	0.26786	2.73333	0.69767
Food waste	1_Food waste	Without	0	NA	NA	NA	NA	NA	NA	NA	NA	NA	NA	NA	NA
Food waste	1_Food waste	Without	0	NA	NA	NA	NA	NA	NA	NA	NA	NA	NA	NA	NA
Food waste	1_Food waste	Without	3	4.4	11	2	0.00473	0.00447	0.00527	0.01447	0.32719	0.30876	0.36406	0.58228	1.1791
Food waste	1_Food waste	Without	1	4	6	3	0.0052	0.0086	0.0036	0.0174	0.29885	0.49425	0.2069	3.83333	0.4186
Food waste	1_Food waste	Without	4	4.375	7.175	2	0.00315	0.0023	0.00275	0.0082	0.38415	0.28049	0.33537	0.49545	1.19565
Food waste	2_Food waste+Trichoderma	With	0	NA	NA	NA	NA	NA	NA	NA	NA	NA	NA	NA	NA
Food waste	2_Food waste+Trichoderma	With	1	3.5	4.4	2	0.003	0.0015	0.0012	0.0057	0.52632	0.26316	0.21053	3.75	0.8
Food waste	2_Food waste+Trichoderma	With	2	3.15	3	1	0.0023	0.00025	0.0009	0.00345	0.66667	0.07246	0.26087	1.41667	3.6
Food waste	2_Food waste+Trichoderma	With	1	2.2	4	0	0.0016	0.0008	0.0013	0.0037	0.43243	0.21622	0.35135	1.84615	1.625
Food waste	2_Food waste+Trichoderma	With	0	NA	NA	NA	NA	NA	NA	NA	NA	NA	NA	NA	NA
Food waste	2_Food waste+Trichoderma	With	1	3.5	2.5	2	0.0021	0.0012	0.0013	0.0046	0.45652	0.26087	0.28261	2.53846	1.08333
Food waste	2_Food waste+Trichoderma	With	4	4.05	8.425	2	0.00578	0.00645	0.00495	0.01718	0.33624	0.37555	0.28821	0.61742	0.76744
Food waste	2_Food waste+Trichoderma	With	5	4.3	9.66	3	0.00766	0.00804	0.00728	0.02298	0.33333	0.34987	0.3168	0.43132	0.90547
Food waste	2_Food waste+Trichoderma	With	5	4.5	9.54	2	0.00632	0.00378	0.00512	0.01522	0.41524	0.24836	0.3364	0.39453	1.3545
Food waste	2_Food waste+Trichoderma	With	4	4.3	10.25	3	0.00813	0.00768	0.00618	0.02198	0.36974	0.34926	0.281	0.63968	0.80456
Food waste	2_Food waste+Trichoderma	With	8	5.263	7.75	2	0.0074	0.0071	0.00514	0.01964	0.37683	0.36155	0.26162	0.3528	0.72359
Food waste	2_Food waste+Trichoderma	With	6	4.167	7	2	0.00472	0.00388	0.00422	0.01282	0.36801	0.30299	0.329	0.33992	1.08584
Food waste	2_Food waste+Trichoderma	With	2	4	4.75	2	0.0053	0.0054	0.00335	0.01405	0.37722	0.38434	0.23843	1.59701	0.62037
Food waste	2_Food waste+Trichoderma	With	4	4.075	11.125	2	0.00678	0.00523	0.00603	0.01803	0.37587	0.28988	0.33426	0.49793	1.15311
Food waste	2_Food waste+Trichoderma	With	6	5.833	8.167	3	0.00965	0.01037	0.00627	0.02628	0.36715	0.39442	0.23843	0.53236	0.6045
Food waste	2_Food waste+Trichoderma	With	5	4.9	6.8	2	0.00654	0.00502	0.00432	0.01588	0.41184	0.31612	0.27204	0.53519	0.86056
Food waste	2_Food waste+Trichoderma	With	3	5.167	8	2	0.01017	0.00847	0.00637	0.025	0.40667	0.33867	0.25467	0.97557	0.75197
Food waste	2_Food waste+Trichoderma	With	3	4.5	9.333	2	0.0055	0.00527	0.00513	0.0159	0.34591	0.33124	0.32285	0.69913	0.97468
Food waste	2_Food waste+Trichoderma	With	4	4.25	6.125	2	0.00528	0.00378	0.00338	0.01243	0.42455	0.30382	0.27163	0.67037	0.89404
Food waste	2_Food waste+Trichoderma	With	4	4.5	6.15	2	0.0058	0.00598	0.0039	0.01568	0.37002	0.38118	0.2488	0.75481	0.65272
Food waste	2_Food waste+Trichoderma	With	3	4.833	8.333	3	0.00623	0.00637	0.0028	0.0154	0.40476	0.41342	0.18182	1.5	0.43979
Food waste	2_Food waste+Trichoderma	With	4	5.25	9.625	3	0.00598	0.00633	0.0049	0.0172	0.34738	0.36773	0.28488	0.62755	0.7747
Food waste	2_Food waste+Trichoderma	With	9	4.044	7.289	2	0.00453	0.00327	0.00328	0.01108	0.40923	0.29488	0.29589	0.26441	1.0034
Food waste	2_Food waste+Trichoderma	With	3	4.333	6.333	2	0.00487	0.0045	0.00257	0.01193	0.40782	0.37709	0.21508	1.21645	0.57037
Food waste	2_Food waste+Trichoderma	With	2	5.6	6	3	0.0074	0.01005	0.0043	0.02175	0.34023	0.46207	0.1977	2.02907	0.42786
Food waste	2_Food waste+Trichoderma	With	5	4.06	6.6	3	0.00708	0.00722	0.0043	0.0186	0.38065	0.38817	0.23118	0.66512	0.59557
Food waste	2_Food waste+Trichoderma	With	5	4.1	4.9	2	0.0068	0.00576	0.00346	0.01602	0.42447	0.35955	0.21598	0.72601	0.60069
Food waste	2_Food waste+Trichoderma	With	2	4	5.75	3	0.048	0.0053	0.00215	0.05545	0.86564	0.09558	0.03877	12.39535	0.40566
Food waste	2_Food waste+Trichoderma	With	3	4.067	9	2	0.00393	0.0016	0.0031	0.00863	0.4556	0.18533	0.35907	0.59498	1.9375
Food waste	2_Food waste+Trichoderma	With	1	5.5	7	3	0.01	0.0194	0.0051	0.0345	0.28986	0.56232	0.14783	5.76471	0.26289
Food waste	2_Food waste+Trichoderma	With	2	5.25	5.8	3	0.0077	0.0096	0.004	0.0213	0.3615	0.4507	0.18779	2.1625	0.41667
Food waste	2_Food waste+Trichoderma	With	4	4.325	7.825	3	0.00728	0.00795	0.00515	0.02038	0.35706	0.39018	0.25276	0.73908	0.6478
Food waste	2_Food waste+Trichoderma	With	2	4	6.75	2	0.00675	0.0104	0.00545	0.0226	0.29867	0.46018	0.24115	1.57339	0.52404
Food waste	2_Food waste+Trichoderma	With	3	5	9.767	2	0.0058	0.00563	0.00277	0.0142	0.40845	0.39671	0.19484	1.37751	0.49112
Food waste	2_Food waste+Trichoderma	With	3	4.267	7	2	0.00377	0.002	0.00337	0.00913	0.41241	0.21898	0.36861	0.57096	1.68333
Food waste	2_Food waste+Trichoderma	With	3	4	11.167	2	0.00527	0.0054	0.0048	0.01547	0.34052	0.34914	0.31034	0.74074	0.88889
Food waste	2_Food waste+Trichoderma	With	3	5.333	5.8	3	0.00993	0.01347	0.00637	0.02977	0.33371	0.45241	0.21389	1.22513	0.47277
Food waste	2_Food waste+Trichoderma	With	4	5.625	6.675	3	0.00898	0.00798	0.00575	0.0227	0.39537	0.35132	0.2533	0.73696	0.721
Food waste	2_Food waste+Trichoderma	With	2	4.9	7.5	2	0.00925	0.00905	0.00585	0.02415	0.38302	0.37474	0.24224	1.5641	0.64641
Food waste	2_Food waste+Trichoderma	With	3	6.167	6.233	3	0.0109	0.0134	0.00493	0.02923	0.37286	0.45838	0.16876	1.64189	0.36816
Food waste	2_Food waste+Trichoderma	With	6	3.933	7.767	2	0.00368	0.00162	0.00337	0.00867	0.425	0.18654	0.38846	0.26238	2.08247
Food waste	2_Food waste+Trichoderma	With	2	4.25	4.9	3	0.0072	0.0091	0.0035	0.0198	0.36364	0.4596	0.17677	2.32857	0.38462
Food waste	2_Food waste+Trichoderma	With	1	4.5	3.3	3	0.0055	0.0077	0.002	0.0152	0.36184	0.50658	0.13158	6.6	0.25974
Food waste	2_Food waste+Trichoderma	With	2	6.9	10.75	3	0.0124	0.01875	0.0089	0.04005	0.30961	0.46816	0.22222	1.75	0.47467
Food waste	2_Food waste+Trichoderma	With	7	4.971	7.529	2	0.0059	0.00389	0.00384	0.01363	0.43291	0.28512	0.28197	0.36378	0.98897
Food waste	2_Food waste+Trichoderma	With	1	7	9.5	3	0.0122	0.012	0.0067	0.0309	0.39482	0.38835	0.21683	3.61194	0.55833
Food waste	2_Food waste+Trichoderma	With	6	4.433	6.45	2	0.00433	0.00233	0.00337	0.01003	0.43189	0.23256	0.33555	0.33003	1.44286
Food waste	2_Food waste+Trichoderma	With	3	3.6	6.633	3	0.00617	0.00693	0.0048	0.0179	0.34451	0.38734	0.26816	0.90972	0.69231
Food waste	2_Food waste+Trichoderma	With	2	6.95	10.8	4	0.0113	0.01795	0.01015	0.0394	0.2868	0.45558	0.25761	1.44089	0.56546
Food waste	2_Food waste+Trichoderma	With	3	6	8.667	3	0.01273	0.0145	0.0064	0.03363	0.37859	0.43112	0.19029	1.4184	0.44138
Food waste	2_Food waste+Trichoderma	With	3	7.2	6.5	3	0.0117	0.01667	0.00597	0.03433	0.34078	0.48544	0.17379	1.58473	0.358
Food waste	2_Food waste+Trichoderma	With	4	6.4	9.1	3	0.00848	0.0095	0.00575	0.02373	0.35722	0.40042	0.24236	0.78152	0.60526
Food waste	2_Food waste+Trichoderma	With	4	4.775	9.15	2	0.0046	0.00218	0.004	0.01078	0.42691	0.20186	0.37123	0.42344	1.83908
Food waste	2_Food waste+Trichoderma	With	3	4.233	6.7	2	0.00453	0.00307	0.0026	0.0102	0.44444	0.30065	0.2549	0.97436	0.84783
Food waste	2_Food waste+Trichoderma	With	2	3.65	5.2	2	0.0034	0.00335	0.0024	0.00915	0.37158	0.36612	0.2623	1.40625	0.71642
Food waste	2_Food waste+Trichoderma	With	4	4	8.675	2	0.00398	0.0017	0.0028	0.00848	0.46903	0.20059	0.33038	0.5067	1.64706
Food waste	2_Food waste+Trichoderma	With	2	4.35	8.7	2	0.0051	0.0052	0.0044	0.0147	0.34694	0.35374	0.29932	1.17045	0.84615
Food waste	2_Food waste+Trichoderma	With	2	4.65	8.7	3	0.0053	0.008	0.0044	0.0177	0.29944	0.45198	0.24859	1.51136	0.55
Food waste	2_Food waste+Trichoderma	With	0	NA	NA	NA	NA	NA	NA	NA	NA	NA	NA	NA	NA
Food waste	2_Food waste+Trichoderma	With	5	3.4	8.5	2	0.00274	0.0011	0.00302	0.00686	0.39942	0.16035	0.44023	0.2543	2.74545
Manure	5_Manure	Without	1	7.2	8	5	0.0171	0.0522	0.0127	0.082	0.20854	0.63659	0.15488	5.45669	0.2433
Manure	5_Manure	Without	1	8	9.7	5	0.0245	0.0764	0.0281	0.129	0.18992	0.59225	0.21783	3.59075	0.3678
Manure	5_Manure	Without	2	10.9	9.5	4	0.0234	0.0478	0.0084	0.0796	0.29397	0.6005	0.10553	4.2381	0.17573
Manure	5_Manure	Without	2	10.8	6.5	4	0.0305	0.053	0.0131	0.0966	0.31573	0.54865	0.13561	3.18702	0.24717
Manure	5_Manure	Without	2	10.8	7.15	4	0.01825	0.03605	0.0081	0.0624	0.29247	0.57772	0.12981	3.35185	0.22469
Manure	5_Manure	Without	1	9.9	4.5	4	0.0144	0.0246	0.0053	0.0443	0.32506	0.5553	0.11964	7.35849	0.21545
Manure	5_Manure	Without	3	9.2	8.5	4	0.02017	0.02953	0.0126	0.0623	0.3237	0.47405	0.20225	1.31481	0.42664
Manure	5_Manure	Without	1	10.2	7.9	5	0.0527	0.1028	0.0468	0.2023	0.2605	0.50816	0.23134	3.32265	0.45525
Manure	5_Manure	Without	2	12.1	8.9	3	0.0279	0.03475	0.01205	0.0747	0.37349	0.46519	0.16131	2.59959	0.34676
Manure	5_Manure	Without	3	10.967	8.767	5	0.0258	0.03827	0.01527	0.07933	0.32521	0.48235	0.19244	1.39884	0.39895
Manure	5_Manure	Without	3	10.767	8.733	5	0.0332	0.04117	0.01747	0.09183	0.36152	0.44828	0.1902	1.41921	0.42429
Manure	5_Manure	Without	3	11.2	8.133	4	0.0257	0.04477	0.0145	0.08497	0.30247	0.52687	0.17066	1.61992	0.3239
Manure	5_Manure	Without	1	9.9	9.7	4	0.0367	0.0616	0.0307	0.129	0.2845	0.47752	0.23798	3.20195	0.49838
Manure	5_Manure	Without	1	17	10	6	0.0831	0.1399	0.049	0.272	0.30551	0.51434	0.18015	4.55102	0.35025
Manure	5_Manure	Without	2	12.2	6.35	4	0.02	0.0226	0.00665	0.04925	0.40609	0.45888	0.13503	3.20301	0.29425
Manure	5_Manure	Without	1	16	9.7	4	0.0434	0.0338	0.0132	0.0904	0.48009	0.37389	0.14602	5.84848	0.39053
Manure	5_Manure	Without	2	14.2	9.75	4	0.04765	0.0486	0.01795	0.1142	0.41725	0.42557	0.15718	2.68106	0.36934
Manure	5_Manure	Without	2	12.85	8.85	5	0.03915	0.05735	0.02245	0.11895	0.32913	0.48214	0.18873	2.14922	0.39146
Manure	5_Manure	Without	2	12.1	7.9	5	0.02855	0.03765	0.0106	0.0768	0.37174	0.49023	0.13802	3.12264	0.28154
Manure	5_Manure	Without	2	12.75	7.75	5	0.03335	0.04355	0.01115	0.08805	0.37876	0.49461	0.12663	3.44843	0.25603
Manure	5_Manure	Without	2	13.9	10.05	5	0.04435	0.0566	0.0232	0.12415	0.35723	0.4559	0.18687	2.17565	0.40989
Manure	5_Manure	Without	2	13.1	7.8	4	0.0389	0.04355	0.02415	0.1066	0.36492	0.40854	0.22655	1.70704	0.55454
Manure	5_Manure	Without	2	15.25	7	4	0.03775	0.04655	0.01075	0.09505	0.39716	0.48974	0.1131	3.92093	0.23093
Manure	5_Manure	Without	4	12.9	8.775	4	0.01968	0.02718	0.0076	0.05445	0.36134	0.49908	0.13958	1.54112	0.27967
Manure	5_Manure	Without	2	11.8	7.25	4	0.01485	0.0184	0.0065	0.03975	0.37358	0.46289	0.16352	2.55769	0.35326
Manure	5_Manure	Without	1	13.5	9.7	3	0.0414	0.0793	0.0304	0.1511	0.27399	0.52482	0.20119	3.97039	0.38335
Manure	5_Manure	Without	3	12.233	7.733	3	0.0274	0.03307	0.0131	0.07357	0.37245	0.44948	0.17807	1.53859	0.39617
Manure	5_Manure	Without	3	13.333	8.167	4	0.0362	0.04397	0.01473	0.0949	0.38145	0.46329	0.15525	1.81373	0.3351
Manure	5_Manure	Without	2	15.05	5.9	5	0.0245	0.03525	0.0062	0.06595	0.37149	0.5345	0.09401	4.81855	0.17589
Manure	5_Manure	Without	2	15.7	7.7	4	0.0297	0.03555	0.0071	0.07235	0.4105	0.49136	0.09813	4.59507	0.19972
Manure	5_Manure	Without	3	10.567	4.9	4	0.01567	0.02043	0.00487	0.04097	0.38242	0.49878	0.1188	2.4726	0.23817
Manure	5_Manure	Without	2	12.45	8	4	0.02835	0.0498	0.01345	0.0916	0.3095	0.54367	0.14683	2.9052	0.27008
Manure	5_Manure	Without	1	17.7	12.1	5	0.0566	0.0522	0.0156	0.1244	0.45498	0.41961	0.1254	6.97436	0.29885
Manure	5_Manure	Without	2	15.7	9.3	5	0.04835	0.0496	0.01085	0.1088	0.44439	0.45588	0.09972	4.51382	0.21875
Manure	5_Manure	Without	3	16.233	6.6	4	0.026	0.02763	0.00523	0.05887	0.44168	0.46942	0.0889	3.41614	0.18938
Manure	5_Manure	Without	1	14.6	5.5	4	0.0242	0.0253	0.005	0.0545	0.44404	0.46422	0.09174	9.9	0.19763
Manure	5_Manure	Without	2	10.6	4.4	4	0.01125	0.01145	0.00185	0.02455	0.45825	0.4664	0.07536	6.13514	0.16157
Manure	5_Manure	Without	1	17	9.3	6	0.0577	0.1609	0.0529	0.2715	0.21252	0.59263	0.19484	4.13233	0.32878
Manure	5_Manure	Without	2	13.75	9.05	5	0.03025	0.03615	0.0154	0.0818	0.3698	0.44193	0.18826	2.15584	0.426
Manure	5_Manure	Without	1	16.6	14.2	5	0.0507	0.0614	0.0182	0.1303	0.3891	0.47122	0.13968	6.15934	0.29642
Manure	5_Manure	Without	2	12.7	8.8	4	0.02275	0.0299	0.01025	0.0629	0.36169	0.47536	0.16296	2.56829	0.34281
Manure	5_Manure	Without	3	10.1	5.333	4	0.00913	0.00783	0.00247	0.01943	0.46998	0.40309	0.12693	2.29279	0.31489
Manure	5_Manure	Without	1	12	6.7	4	0.0254	0.0353	0.0099	0.0706	0.35977	0.5	0.14023	6.13131	0.28045
Manure	5_Manure	Without	3	12.033	7.633	4	0.02313	0.02677	0.01183	0.06173	0.37473	0.43359	0.19168	1.40563	0.44209
Manure	5_Manure	Without	3	13.933	8.433	4	0.0335	0.0461	0.01577	0.09537	0.35128	0.4834	0.16533	1.68288	0.34201
Manure	5_Manure	Without	3	17.233	7.333	5	0.03463	0.03513	0.00873	0.0785	0.44119	0.44756	0.11125	2.66285	0.24858
Manure	5_Manure	Without	2	15.25	6	5	0.03335	0.04485	0.011	0.0892	0.37388	0.5028	0.12332	3.55455	0.24526
Manure	5_Manure	Without	2	15.3	5.5	5	0.0328	0.03565	0.0052	0.07365	0.44535	0.48405	0.0706	6.58173	0.14586
Manure	5_Manure	Without	2	13	7.75	5	0.03855	0.05405	0.0183	0.1109	0.34761	0.48738	0.16501	2.53005	0.33858
Manure	5_Manure	Without	2	13.25	8.25	4	0.03745	0.05415	0.0175	0.1091	0.34326	0.49633	0.1604	2.61714	0.32318
Manure	5_Manure	Without	1	16.8	7	5	0.0666	0.0974	0.0247	0.1887	0.35294	0.51616	0.1309	6.63968	0.25359
Manure	5_Manure	Without	4	12.55	7.1	4	0.01833	0.021	0.00775	0.04708	0.38927	0.4461	0.16463	1.26855	0.36905
Manure	5_Manure	Without	2	13.6	6.5	5	0.0299	0.04415	0.01035	0.0844	0.35427	0.5231	0.12263	3.57729	0.23443
Manure	5_Manure	Without	0	NA	NA	NA	NA	NA	NA	NA	NA	NA	NA	NA	NA
Manure	5_Manure	Without	1	11	8.7	4	0.0255	0.0413	0.0089	0.0757	0.33686	0.54557	0.11757	7.50562	0.2155
Manure	5_Manure	Without	2	14.15	5.65	5	0.03045	0.04515	0.0073	0.0829	0.36731	0.54463	0.08806	5.17808	0.16168
Manure	5_Manure	Without	2	13.75	6.25	5	0.02385	0.0348	0.00935	0.068	0.35074	0.51176	0.1375	3.13636	0.26868
Manure	5_Manure	Without	1	12.3	5.7	5	0.0136	0.0202	0.0029	0.0367	0.37057	0.55041	0.07902	11.65517	0.14356
Manure	5_Manure	Without	2	13.25	6.1	5	0.02625	0.0481	0.0107	0.08505	0.30864	0.56555	0.12581	3.4743	0.22245
Manure	5_Manure	Without	2	9.75	5.05	4	0.01195	0.0166	0.003	0.03155	0.37876	0.52615	0.09509	4.75833	0.18072
Manure	6_Manure+Trichoderma	With	1	12.9	6.8	5	0.0232	0.0396	0.0065	0.0693	0.33478	0.57143	0.0938	9.66154	0.16414
Manure	6_Manure+Trichoderma	With	0	NA	NA	NA	NA	NA	NA	NA	NA	NA	NA	NA	NA
Manure	6_Manure+Trichoderma	With	1	15.9	8.5	6	0.0642	0.1493	0.0521	0.2656	0.24172	0.56212	0.19616	4.09789	0.34896
Manure	6_Manure+Trichoderma	With	1	18.3	10.3	6	0.0417	0.1037	0.0278	0.1732	0.24076	0.59873	0.16051	5.23022	0.26808
Manure	6_Manure+Trichoderma	With	1	12.5	5.6	5	0.0288	0.0421	0.0074	0.0783	0.36782	0.53768	0.09451	9.58108	0.17577
Manure	6_Manure+Trichoderma	With	1	10.8	3.6	4	0.017	0.0175	0.0041	0.0386	0.44041	0.45337	0.10622	8.41463	0.23429
Manure	6_Manure+Trichoderma	With	2	18.85	8.45	6	0.0399	0.0474	0.0133	0.1006	0.39662	0.47117	0.13221	3.28195	0.28059
Manure	6_Manure+Trichoderma	With	2	16.7	10.15	6	0.04735	0.05585	0.02655	0.12975	0.36493	0.43044	0.20462	1.9435	0.47538
Manure	6_Manure+Trichoderma	With	1	18.5	8.2	6	0.0701	0.0655	0.0287	0.1643	0.42666	0.39866	0.17468	4.72474	0.43817
Manure	6_Manure+Trichoderma	With	2	19.2	9.6	6	0.06785	0.08175	0.0262	0.1758	0.38595	0.46502	0.14903	2.85496	0.32049
Manure	6_Manure+Trichoderma	With	2	14.9	8.85	6	0.0525	0.06075	0.0236	0.13685	0.38363	0.44392	0.17245	2.39936	0.38848
Manure	6_Manure+Trichoderma	With	1	17.8	7.5	6	0.0332	0.0814	0.0153	0.1299	0.25558	0.62664	0.11778	7.4902	0.18796
Manure	6_Manure+Trichoderma	With	1	22.6	8.1	7	0.0663	0.0681	0.0206	0.155	0.42774	0.43935	0.1329	6.52427	0.3025
Manure	6_Manure+Trichoderma	With	2	22.9	9.95	6	0.0624	0.08915	0.0212	0.17275	0.36122	0.51606	0.12272	3.57429	0.2378
Manure	6_Manure+Trichoderma	With	2	19.35	9.3	6	0.05945	0.0659	0.02315	0.1485	0.40034	0.44377	0.15589	2.70734	0.35129
Manure	6_Manure+Trichoderma	With	1	22.1	9.1	6	0.0747	0.058	0.0302	0.1629	0.45856	0.35605	0.18539	4.39404	0.52069
Manure	6_Manure+Trichoderma	With	1	18.5	8.9	6	0.0518	0.0367	0.0148	0.1033	0.50145	0.35528	0.14327	5.97973	0.40327
Manure	6_Manure+Trichoderma	With	1	19.5	6.1	6	0.0498	0.0619	0.0179	0.1296	0.38426	0.47762	0.13812	6.24022	0.28918
Manure	6_Manure+Trichoderma	With	1	20.5	6.2	6	0.0537	0.0521	0.0104	0.1162	0.46213	0.44836	0.0895	10.17308	0.19962
Manure	6_Manure+Trichoderma	With	2	19.65	5.95	5	0.04045	0.0385	0.009	0.08795	0.45992	0.43775	0.10233	4.38611	0.23377
Manure	6_Manure+Trichoderma	With	1	26.2	9.7	7	0.072	0.0784	0.0138	0.1642	0.43849	0.47747	0.08404	10.89855	0.17602
Manure	6_Manure+Trichoderma	With	1	25	9.2	6	0.1142	0.1341	0.0298	0.2781	0.41064	0.4822	0.10716	8.33221	0.22222
Manure	6_Manure+Trichoderma	With	1	20.3	7	6	0.0701	0.0798	0.0132	0.1631	0.4298	0.48927	0.08093	11.35606	0.16541
Manure	6_Manure+Trichoderma	With	3	8.933	3.467	3	0.0063	0.00563	0.00143	0.01337	0.47132	0.42145	0.10723	2.77519	0.25444
Manure	6_Manure+Trichoderma	With	1	18.6	11.1	6	0.0375	0.0269	0.0088	0.0732	0.5123	0.36749	0.12022	7.31818	0.32714
Manure	6_Manure+Trichoderma	With	1	18.9	6.3	8	0.0508	0.08	0.0132	0.144	0.35278	0.55556	0.09167	9.90909	0.165
Manure	6_Manure+Trichoderma	With	1	25.2	8	6	0.085	0.0761	0.0142	0.1753	0.48488	0.43411	0.081	11.34507	0.1866
Manure	6_Manure+Trichoderma	With	1	21.5	2.7	6	0.0309	0.0357	0.005	0.0716	0.43156	0.4986	0.06983	13.32	0.14006
Manure	6_Manure+Trichoderma	With	1	18.2	6.1	6	0.042	0.0501	0.0104	0.1025	0.40976	0.48878	0.10146	8.85577	0.20758
Manure	6_Manure+Trichoderma	With	1	24.2	10.2	8	0.0801	0.0848	0.0176	0.1825	0.4389	0.46466	0.09644	9.36932	0.20755
Manure	6_Manure+Trichoderma	With	2	13	4.25	5	0.0253	0.02575	0.005	0.05605	0.45138	0.45941	0.08921	5.105	0.19417
Manure	6_Manure+Trichoderma	With	3	16.333	7.333	5	0.0349	0.04347	0.0095	0.08787	0.39719	0.49469	0.10812	2.74971	0.21856
Manure	6_Manure+Trichoderma	With	3	17.833	6.833	5	0.0392	0.0402	0.01073	0.09013	0.43491	0.44601	0.11908	2.46584	0.267
Manure	6_Manure+Trichoderma	With	1	17.5	11.5	5	0.0722	0.0945	0.0396	0.2063	0.34998	0.45807	0.19195	4.2096	0.41905
Manure	6_Manure+Trichoderma	With	2	18.5	6.75	5	0.04525	0.0492	0.00845	0.1029	0.43975	0.47813	0.08212	5.58876	0.17175
Manure	6_Manure+Trichoderma	With	2	19.5	6	5	0.0183	0.01735	0.00215	0.0378	0.48413	0.45899	0.05688	8.2907	0.12392
Manure	6_Manure+Trichoderma	With	2	14.75	5.75	5	0.0269	0.02705	0.00335	0.0573	0.46946	0.47208	0.05846	8.05224	0.12384
Manure	6_Manure+Trichoderma	With	2	16.75	6.2	6	0.0427	0.03815	0.0086	0.08945	0.47736	0.4265	0.09614	4.70058	0.22543
Manure	6_Manure+Trichoderma	With	2	18.45	7.15	7	0.03945	0.03965	0.007	0.0861	0.45819	0.46051	0.0813	5.65	0.17654
Manure	6_Manure+Trichoderma	With	2	19.7	8.25	7	0.07235	0.07825	0.01335	0.16395	0.44129	0.47728	0.08143	5.64045	0.17061
Manure	6_Manure+Trichoderma	With	2	19.6	7.85	6	0.0653	0.07935	0.0189	0.16355	0.39927	0.48517	0.11556	3.82672	0.23819
Manure	6_Manure+Trichoderma	With	1	21.5	7	7	0.0761	0.0859	0.0146	0.1766	0.43092	0.48641	0.08267	11.09589	0.16997
Manure	6_Manure+Trichoderma	With	3	18.7	8.8	7	0.05387	0.05267	0.01173	0.11827	0.45547	0.44532	0.09921	3.02652	0.22278
Manure	6_Manure+Trichoderma	With	1	18.85	6	5	0.0369	0.0362	0.0084	0.0815	0.45276	0.44417	0.10307	8.70238	0.23204
Manure	6_Manure+Trichoderma	With	3	17.867	9.667	6	0.04473	0.04237	0.0155	0.1026	0.436	0.41293	0.15107	1.87312	0.36585
Manure	6_Manure+Trichoderma	With	2	18.1	6.333	6	0.05355	0.05175	0.01455	0.11985	0.44681	0.43179	0.1214	3.61856	0.28116
Manure	6_Manure+Trichoderma	With	1	19	8	6	0.0588	0.0719	0.0119	0.1426	0.41234	0.50421	0.08345	10.98319	0.16551
Manure	6_Manure+Trichoderma	With	2	14.75	8.1	5	0.03535	0.0395	0.0148	0.08965	0.39431	0.4406	0.16509	2.52872	0.37468
Manure	6_Manure+Trichoderma	With	4	16.4	7.9	5	0.03563	0.03458	0.00865	0.07885	0.45181	0.43849	0.1097	2.0289	0.25018
Manure	6_Manure+Trichoderma	With	2	17.4	7.85	6	0.0495	0.056	0.01445	0.11995	0.41267	0.46686	0.12047	3.65052	0.25804
Manure	6_Manure+Trichoderma	With	2	18.15	8.05	6	0.0574	0.06965	0.0156	0.14265	0.40238	0.48826	0.10936	4.07212	0.22398
Manure	6_Manure+Trichoderma	With	0	NA	NA	NA	NA	NA	NA	NA	NA	NA	NA	NA	NA
Manure	6_Manure+Trichoderma	With	1	18.5	14.5	5	0.0839	0.0853	0.0343	0.2035	0.41229	0.41916	0.16855	4.93294	0.40211
Manure	6_Manure+Trichoderma	With	2	9.65	4.7	5	0.01335	0.01835	0.0041	0.0358	0.37291	0.51257	0.11453	3.86585	0.22343
Manure	6_Manure+Trichoderma	With	2	13.5	5	5	0.0209	0.02345	0.00525	0.0496	0.42137	0.47278	0.10585	4.22381	0.22388
Manure	6_Manure+Trichoderma	With	1	12.9	7.3	6	0.0232	0.0498	0.0096	0.0826	0.28087	0.60291	0.11622	7.60417	0.19277
Manure	6_Manure+Trichoderma	With	2	13.8	6.3	5	0.02595	0.02755	0.0051	0.0586	0.44283	0.47014	0.08703	5.2451	0.18512
Manure	6_Manure+Trichoderma	With	1	17	7.6	6	0.0525	0.0783	0.0172	0.148	0.35473	0.52905	0.11622	7.60465	0.21967
Manure	6_Manure+Trichoderma	With	2	13	9.15	5	0.0294	0.03985	0.00845	0.0777	0.37838	0.51287	0.10875	4.09763	0.21205
Manure	6_Manure+Trichoderma	With	1	12.3	5	5	0.0201	0.0278	0.084	0.1319	0.15239	0.21077	0.63685	0.57024	3.02158
